1.000000 0.092508 0.032183 0.128939 -0.056326 -0.147468 0.058271 0.263765 0.084924 0.161954 -0.073286 0.184550 0.099035 0.248949 0.472125 0.181650 0.281113 0.115253 0.223836 -0.041726 0.194957 0.166793 0.286885 0.007025 0.369734 0.021280 0.192592 0.220909 0.166702 0.039887 -0.034233 0.280244 -0.036324 0.008859 0.247334 0.211963 0.211368 0.149424 0.102067 0.385278 0.481782 0.062537 0.096279 0.715421 0.573420 0.057997 0.206389 0.229726 0.104952 0.531578 0.205330 0.046210 0.566628 0.257627 0.238545 0.444428 0.203231 0.274966 0.594815 0.110068 0.358852 0.045258 0.079319 0.146577 0.328655 0.475741 0.056580 0.504407 -0.047200 0.395978 0.235157 0.515300 -0.061872 0.551456 -0.069350 0.246574 0.098242 0.205270 0.001672 0.328262 0.328403 0.130796 0.164247 0.352498 0.189982 0.140989 0.360988 0.209970 0.367264 0.545794 0.278326 0.217853 0.239572 0.028199 0.159080 0.091565 -0.116099 0.008430 0.454491 0.007685 0.021794 -0.036097 0.099786 0.184417 0.555427 0.614452 -0.042031 -0.049335 0.656293 -0.167196 -0.076161 -0.105229 -0.007007 0.023473 0.196348 -0.015652 -0.180019 0.212613 -0.007023 0.185190 0.201856 -0.062159 0.147219 0.220913 0.220659 0.156965 -0.095307 0.145241 0.266179 0.163600 0.152546 0.251028 0.275690 0.138617 0.194178 0.215529 0.110000 -0.070401 0.009771 0.252182 0.188902 -0.009791 0.183872 0.228953 0.471807 0.375209 0.187083 0.226352 0.400088 0.562208 0.151075 0.377828 0.240779 0.331534 0.051403 0.311681 0.179638 0.443315 0.234911 0.138134 0.267304 0.487445 0.221098 0.084267 0.143377 0.427381 0.177609 0.119623 0.115824 0.225617 0.098292 0.622079 0.165777 -0.111216 0.228267 0.157902 0.023887 0.137123 0.200962 0.347329 0.091420 0.381735 -0.001142 0.423537 0.156296 0.318495 0.471990 0.135984 0.192388 -0.151634 0.253656 0.268662 0.247699 0.271354 -0.046664 0.169040 -0.029672 -0.121055 0.128985 0.650993 0.088624 -0.057678 0.106716
0.092508 1.000000 0.355496 0.141587 0.184032 0.250516 0.529602 0.112124 0.184423 0.032018 0.317947 0.072136 -0.051806 0.032507 0.157352 0.028141 0.649332 0.202752 0.611536 0.243893 0.142895 0.045351 0.123683 0.208536 0.160195 -0.044825 0.067195 0.189584 0.031158 0.277319 0.173920 0.110753 0.389068 0.278241 0.049596 0.181956 0.171793 0.009186 0.229804 0.012718 0.144297 0.159525 0.239227 0.105782 0.017173 0.082237 0.117244 0.102156 0.116246 0.092849 -0.011603 0.388249 0.130397 0.082736 0.303093 0.028077 0.151707 0.181362 -0.037366 0.114635 0.027475 0.271455 0.315356 0.181230 0.201386 0.182192 0.200577 -0.132942 0.081077 0.126355 0.189566 0.052105 0.188625 -0.084788 0.310160 0.264770 0.123019 0.074398 0.204189 -0.097556 -0.009047 0.004479 0.046749 0.175341 0.007853 0.094564 0.065631 -0.050342 0.037706 -0.006953 -0.061466 0.028532 0.026980 0.186010 0.170335 0.046005 0.214248 0.035508 0.009079 0.100622 0.115572 0.099009 0.048992 0.812792 -0.012322 0.008528 0.296047 0.087065 0.006690 0.326216 0.426318 0.020022 0.695906 0.412006 0.260925 0.111136 0.281329 0.004883 0.016091 0.010689 0.113326 0.039874 0.134804 0.152511 0.471932 0.081994 0.192439 0.035475 0.129496 0.135946 0.372424 0.154725 0.184215 0.006792 0.090825 0.090400 0.246583 0.359810 0.244618 0.087150 0.160175 0.124580 0.137200 0.291019 -0.008013 0.086571 0.040078 0.079451 -0.050914 -0.085273 0.059590 -0.041420 0.049768 0.102875 0.111068 0.126481 0.129029 0.051396 0.105993 0.055190 0.130273 -0.129060 0.104722 0.163178 0.076125 -0.084850 0.084027 0.065143 0.135169 0.116317 0.091873 -0.110035 0.100945 0.162074 0.108705 0.147191 0.149085 0.129024 0.055090 0.028157 0.117715 0.086668 0.085263 -0.050722 0.015127 0.003752 -0.137014 -0.076815 -0.046867 0.129629 0.183947 0.025484 0.176229 0.047646 -0.013069 0.084981 -0.029386 0.204064 0.197225 0.136777 0.194229 0.103489 0.710575
0.032183 0.355496 1.000000 -0.150904 -0.042462 0.596326 0.333128 -0.048230 -0.175463 0.092186 -0.203039 0.058341 -0.123570 -0.303409 0.046667 -0.061781 0.458603 -0.115781 0.464785 -0.082962 0.119867 -0.344126 -0.173659 -0.300151 -0.070694 0.009574 -0.247334 -0.116542 -0.112656 0.123471 -0.007808 0.316752 0.510076 0.373369 0.108682 0.051509 -0.111827 0.128335 -0.082203 0.132657 -0.063377 0.081364 -0.039574 -0.000025 0.156949 -0.290847 0.255328 0.257075 -0.308322 -0.062317 0.178786 0.077858 0.119237 0.049716 -0.012985 -0.118613 -0.144948 0.011475 -0.070060 -0.014558 -0.195151 0.027382 -0.156539 -0.170799 -0.012591 0.013580 -0.158473 -0.211439 -0.001334 -0.134112 0.181540 -0.067169 -0.007922 0.077922 0.496297 -0.112604 -0.065204 -0.027848 -0.191385 -0.076283 -0.218278 -0.237949 -0.068227 0.058792 -0.051875 -0.095584 0.005743 -0.052679 -0.124203 -0.263199 -0.207063 -0.005495 -0.228288 0.225232 -0.252955 -0.069619 0.063236 0.083774 0.259935 -0.022627 0.321327 0.049153 0.334774 0.451960 0.005312 0.157129 0.032042 0.109944 -0.161620 0.687580 0.784576 0.272795 0.452368 0.423752 0.011964 -0.145593 -0.198144 -0.230532 -0.076456 -0.090954 -0.305679 0.296958 0.285646 -0.235586 0.462126 -0.174380 0.008947 -0.286830 0.054455 -0.094029 0.462735 0.049320 0.235662 -0.202236 -0.248430 -0.219253 -0.023492 0.319679 0.313857 0.088509 -0.148174 0.142311 -0.154125 0.082328 -0.100171 -0.095174 0.105783 -0.021789 -0.144899 0.031827 -0.337784 0.091300 -0.144117 0.056276 -0.097748 -0.107582 -0.037342 -0.159142 0.020275 -0.254490 -0.251652 -0.110457 -0.121460 -0.087410 -0.197113 -0.082660 -0.128084 -0.146150 -0.293923 -0.065782 0.105182 -0.102743 -0.239743 -0.051986 -0.134936 -0.072730 -0.232284 -0.229410 -0.249993 -0.158128 0.040347 -0.138194 -0.035254 -0.264777 -0.212568 -0.317106 -0.383172 -0.130204 -0.292584 0.199833 -0.095479 -0.345590 -0.205918 0.208759 0.019409 0.355583 0.185380 0.406076 -0.169879 0.052033 0.142564 -0.186259 0.519649
0.128939 0.141587 -0.150904 1.000000 0.196173 -0.184061 -0.073822 0.421275 0.733231 0.107536 0.261281 0.108687 0.289535 0.603137 0.103690 0.407248 0.175374 0.220492 0.115333 0.331056 0.231939 0.676259 0.272025 0.227014 0.261152 -0.049439 0.398096 0.222491 0.350932 0.063400 0.286912 0.035269 0.080920 0.143815 -0.004440 0.223135 0.483276 -0.109550 0.417998 -0.129451 0.181397 0.141684 0.128181 0.039545 0.074137 0.235126 0.048347 0.021295 0.379434 0.128770 0.119178 0.165629 0.236734 0.093387 0.384697 0.223939 0.324967 0.311166 -0.028567 0.338424 0.036930 0.116733 0.044170 0.194994 0.256302 0.123811 0.415836 0.132562 0.048734 0.336914 0.150067 0.199496 0.154114 -0.007473 -0.224170 0.487383 0.077447 0.351808 0.343879 0.093005 0.254471 0.291779 0.176940 0.119251 0.280748 0.290138 0.056210 0.209406 0.110010 0.181490 0.278750 0.309313 0.354025 -0.047654 0.733365 0.105421 0.185764 0.294249 0.021497 0.212861 -0.183488 0.209488 -0.097445 0.008740 0.057507 -0.048003 0.104631 0.169391 0.104639 -0.113982 0.000905 -0.096606 0.038029 -0.072806 0.522339 0.471312 0.206143 0.399056 0.268253 0.215520 0.674670 -0.165701 -0.069624 0.591572 0.103355 0.706325 0.250136 0.597317 0.166515 0.148280 0.185734 0.203578 0.102408 0.397335 0.347334 0.287097 0.295087 0.147200 0.119919 0.026714 0.449763 0.050002 0.202339 0.326628 0.155764 0.248594 0.108325 0.248829 0.151176 0.001669 0.426646 0.091836 0.080103 0.016432 0.115880 0.247755 0.335793 0.275023 0.339607 0.410419 0.414815 0.013943 0.274175 0.154524 0.174018 0.111226 0.407637 0.141666 0.511741 0.352491 -0.065862 0.055833 0.486455 0.138315 0.090890 0.258443 0.378180 0.090495 0.373242 0.151387 0.109317 0.278389 0.248968 0.142160 0.339011 0.349302 0.136796 0.248774 0.335714 0.022319 0.629586 0.342021 0.471544 0.127091 0.163310 0.071299 -0.016448 -0.058193 0.601113 0.085840 0.080893 0.172062 0.083421
-0.056326 0.184032 -0.042462 0.196173 1.000000 -0.152777 -0.026204 0.152227 0.212858 -0.001098 0.382208 0.173199 0.191608 0.310522 0.096560 0.091425 0.018629 0.260946 -0.041834 0.570975 0.109564 0.232763 0.209810 0.351786 0.178525 0.040809 0.196262 0.248511 0.108833 0.136914 0.292019 -0.089614 0.098852 0.099212 -0.189636 0.114316 0.213826 -0.064419 0.172519 -0.122161 0.049525 0.173772 0.439770 -0.115905 -0.085860 0.294614 0.163405 0.087277 0.234229 -0.191410 0.059444 0.365089 -0.226560 0.175761 0.232616 0.145001 0.076549 0.184671 0.094866 0.119843 0.071959 0.262885 0.074979 0.304947 0.084299 -0.087634 0.334023 -0.030963 -0.067237 0.356741 0.221481 -0.076835 0.449011 -0.309517 -0.090643 0.136832 0.104708 0.089565 0.396587 -0.077513 0.209169 0.320398 -0.147565 0.083785 0.203007 0.271047 0.250658 -0.104414 0.273690 0.258487 0.375320 0.002951 0.201837 0.232082 0.215272 0.207508 0.540139 0.326772 -0.029776 0.557459 -0.153947 0.446582 -0.127677 0.066229 0.166489 -0.152768 0.510167 0.427987 0.080037 -0.193595 0.099734 -0.012688 -0.064884 -0.183261 0.158726 0.279397 0.413085 0.198061 0.277745 0.207677 0.202459 0.207774 0.006094 0.155688 -0.151494 0.133849 0.480654 0.171700 0.075152 0.189868 -0.093529 -0.137075 0.126635 0.171673 0.185177 0.134762 -0.013600 0.126143 0.183624 -0.074574 0.215332 0.180635 0.188148 0.207788 -0.130340 -0.062041 0.007563 0.117534 0.153422 -0.239336 0.191673 -0.344784 -0.081352 -0.274561 0.276317 0.214806 0.161418 -0.026099 0.254779 0.230199 0.155159 0.004823 0.323294 0.144515 0.351421 -0.277148 0.016430 0.323563 0.221169 0.403494 -0.079184 -0.208780 0.256187 0.363765 0.081204 0.216952 0.397762 0.115052 0.382835 0.074851 -0.312687 0.213302 -0.202836 0.160730 0.279218 0.110266 0.076207 0.159232 0.070693 0.226616 0.174881 0.313282 0.207275 0.137510 0.466753 -0.358285 -0.221853 0.052516 0.179020 -0.051113 0.626610 0.580169 0.059737
-0.147468 0.250516 0.596326 -0.184061 -0.152777 1.000000 0.707577 -0.224834 -0.088126 0.090828 -0.214210 -0.122928 -0.006278 -0.367667 0.050465 0.035317 0.203275 -0.329304 0.278835 -0.149694 -0.107307 -0.305128 -0.161023 -0.348534 -0.275054 0.304641 -0.187048 -0.243619 -0.097789 0.043743 -0.171360 0.258518 0.344893 0.226352 0.132134 -0.247305 -0.165173 0.303447 -0.148200 0.096625 -0.285533 -0.048876 -0.111307 -0.023342 0.014777 -0.230346 -0.037642 -0.019823 -0.230647 -0.099743 0.114241 -0.031467 -0.068369 -0.219017 -0.234471 -0.307990 -0.085913 -0.261708 -0.219048 -0.022057 -0.118999 -0.098877 -0.061837 -0.249719 0.006696 -0.055896 -0.199848 -0.249934 0.062429 -0.329626 -0.101221 -0.166420 -0.045482 0.059120 0.759527 -0.236713 0.032700 -0.066345 -0.263441 -0.047945 -0.281577 -0.342255 0.071649 -0.218198 -0.272594 -0.281523 -0.295657 0.026970 -0.335924 -0.445656 -0.295922 -0.042561 -0.207407 0.082061 -0.308242 -0.111606 -0.148856 -0.058315 0.120468 -0.184221 0.480839 -0.144901 0.262227 0.378977 -0.254746 0.146711 -0.143157 -0.100591 -0.119263 0.888570 0.441481 0.204296 0.489389 0.755626 -0.153554 -0.190457 -0.204187 -0.273968 -0.225385 -0.009714 -0.280438 0.225879 0.337726 -0.142416 0.368271 -0.204205 -0.155179 -0.223189 -0.037998 -0.197506 0.289139 -0.013768 0.113337 -0.159935 -0.276260 -0.252669 -0.073773 0.196879 0.127620 0.178163 -0.191064 0.096661 -0.143529 -0.201424 -0.031389 -0.126853 0.195351 -0.074335 -0.250874 0.062065 -0.283661 0.171596 -0.035086 0.098661 -0.234927 -0.335738 -0.107174 -0.251477 -0.306948 -0.309731 -0.338191 -0.211768 -0.225896 -0.132808 -0.217345 0.061853 -0.211590 -0.290316 -0.284032 -0.254801 0.148932 -0.076496 -0.351210 -0.190211 -0.073730 -0.230331 -0.333865 -0.256043 -0.391851 -0.251402 0.126401 -0.265940 0.052683 -0.332667 -0.414226 -0.253914 -0.367486 -0.215780 -0.252651 0.123650 -0.081292 -0.409484 -0.327118 0.165394 -0.136586 0.265421 0.431443 0.355272 -0.211735 -0.030886 -0.067972 -0.330509 0.466276
0.058271 0.529602 0.333128 -0.073822 -0.026204 0.707577 1.000000 -0.144860 0.029369 0.082061 0.004997 -0.029941 0.097827 -0.150165 0.071369 0.091240 0.398750 -0.205207 0.461086 0.047307 -0.124100 -0.152491 -0.018700 -0.065808 -0.080396 0.283123 -0.104931 -0.131174 -0.088885 0.084602 -0.049051 0.115376 0.266100 0.283069 0.058031 -0.146078 -0.094186 0.409366 -0.060585 0.095221 -0.132550 0.101507 0.086950 0.148100 0.001833 -0.069936 -0.105109 -0.060252 0.013841 0.030902 -0.098369 0.081348 0.030007 -0.131920 -0.002905 -0.200864 0.069237 -0.150610 -0.118193 0.065560 -0.031386 0.180189 0.141802 -0.011883 0.163932 0.080555 0.025288 -0.139170 -0.004427 -0.099477 -0.081931 -0.135371 -0.023764 -0.000456 0.655750 -0.052401 0.174299 0.000013 -0.073844 -0.102114 -0.104168 -0.215523 0.012354 -0.136259 -0.205972 -0.192423 -0.210523 0.051661 -0.210897 -0.200415 -0.187755 0.153733 -0.016999 0.021721 -0.083469 0.013265 -0.098672 -0.024799 0.069589 -0.084826 0.387447 -0.043907 0.107866 0.641344 -0.134534 0.171468 -0.077348 -0.077998 0.074103 0.607833 0.264607 0.010825 0.631972 0.780987 -0.035757 -0.110438 -0.020552 -0.095846 -0.133711 0.085937 -0.078086 0.027346 0.198918 0.009097 0.459118 -0.022865 -0.101165 -0.077784 0.065984 -0.107041 0.239145 0.062407 0.087680 -0.073692 -0.123741 -0.103878 -0.037761 0.239138 0.173505 0.150362 -0.029431 0.254957 0.035487 -0.041262 0.026194 -0.095341 0.216448 -0.049318 -0.173240 0.000491 -0.087316 0.079397 0.077800 0.135211 -0.092617 -0.191293 0.174997 -0.199438 -0.123657 -0.063231 -0.012825 -0.095182 -0.053346 -0.126927 -0.104374 0.142398 -0.059588 -0.136720 -0.048443 -0.034924 0.198687 0.004661 -0.131993 -0.197288 -0.053063 -0.017962 -0.164254 -0.105463 -0.205870 0.021875 -0.032605 -0.069603 -0.020356 -0.205455 -0.224394 -0.006513 -0.204861 -0.104065 -0.055268 -0.064422 0.016378 -0.225165 -0.067026 0.127854 -0.213324 0.037443 0.323757 0.180500 -0.020880 0.208720 -0.069291 -0.114255 0.597161
0.263765 0.112124 -0.048230 0.421275 0.152227 -0.224834 -0.144860 1.000000 0.080458 0.074507 0.196095 0.185405 0.100838 0.374916 0.272767 0.156310 0.223665 0.394353 0.128727 0.301726 0.172188 0.327776 0.288636 0.277897 0.283977 -0.242923 0.363337 0.267535 0.298785 0.107449 0.081268 0.073206 0.080382 0.101848 0.065181 0.248783 0.276667 -0.272405 0.310632 0.003948 0.283053 0.033513 0.187161 0.122181 0.099461 0.105403 0.180639 0.133186 0.151803 0.231072 0.208215 0.244058 0.286038 0.198387 0.124264 0.332611 0.155946 0.283692 0.153053 0.188153 0.271511 -0.022916 0.169376 0.137602 0.179717 0.218976 0.170789 0.185031 0.018932 0.261963 0.314527 0.256403 0.099127 -0.029267 -0.248106 0.595443 0.136001 0.219124 0.186460 0.292689 0.116050 0.222179 0.037891 0.228887 0.285892 0.250182 0.192488 -0.057648 0.183704 0.250320 0.179331 0.005990 0.242875 0.158242 0.477687 0.040473 0.111336 0.141045 0.166254 0.203624 -0.232465 0.138635 -0.119091 0.014347 0.284903 0.163799 0.100796 0.173745 0.210801 -0.150204 0.165105 -0.079160 0.140117 -0.117839 0.569109 0.197740 0.205240 0.301297 0.130797 0.135143 0.364609 -0.042488 0.071290 0.429783 0.158633 0.216009 0.172667 0.219085 0.172429 0.402775 0.133022 0.173384 0.173262 0.197244 0.351809 0.348375 0.248801 0.100458 0.060055 0.052243 0.288051 -0.057469 0.255705 0.273128 0.197325 0.318413 -0.011485 0.232166 0.101544 0.046434 0.225986 0.136579 0.227176 0.123664 0.203174 0.286607 0.093034 0.379085 0.219508 0.181652 0.169952 0.013083 0.256653 0.226081 0.221145 0.159750 0.171065 0.243591 0.228676 0.165835 0.081309 0.117456 0.261297 0.149002 0.190234 0.089729 0.244045 0.186196 0.245799 0.181663 0.122071 0.261216 0.083652 0.176572 0.210324 0.163614 0.208857 0.050506 0.129152 0.010331 0.459414 0.177705 0.284257 0.088691 0.075150 0.084712 -0.139403 0.038318 0.259285 0.180029 0.025553 0.172760 0.067610
0.084924 0.184423 -0.175463 0.733231 0.212858 -0.088126 0.029369 0.080458 1.000000 0.143112 0.259945 0.009030 0.263851 0.483506 0.027397 0.513296 0.113132 0.073685 0.096297 0.275124 0.217022 0.601343 0.185977 0.186305 0.204104 0.036506 0.266511 0.160887 0.188868 0.072030 0.315277 -0.035229 0.042731 0.092646 -0.044724 0.156316 0.398796 0.042089 0.262221 -0.028760 0.090274 0.172328 0.192980 0.033892 0.061743 0.285229 0.039699 -0.059632 0.410344 -0.013861 -0.008519 0.207380 0.126777 0.016600 0.363336 0.139319 0.228275 0.266422 -0.000515 0.268605 0.014200 0.146950 0.044444 0.239529 0.259349 0.108021 0.465433 0.037869 0.107120 0.339914 0.128423 0.050392 0.179951 -0.026675 -0.088627 0.310263 0.123096 0.308419 0.348626 -0.004433 0.204744 0.333994 0.097654 -0.012967 0.163609 0.285165 0.099331 0.132647 0.133461 0.137200 0.259265 0.331927 0.286706 -0.081224 0.583055 0.192931 0.225711 0.207253 -0.047088 0.140288 -0.093163 0.165365 -0.116258 0.019998 0.028575 -0.065209 0.186936 0.120294 0.118241 -0.057715 -0.060118 -0.076736 -0.010617 0.000146 0.344733 0.455249 0.220351 0.267857 0.226062 0.227858 0.515679 -0.131530 -0.071035 0.511141 0.020406 0.666336 0.278696 0.553610 0.122508 -0.043266 0.084833 0.132427 0.117104 0.276047 0.141388 0.150430 0.225561 0.105449 0.164759 0.041314 0.368211 0.082815 0.068756 0.177302 0.059566 0.107159 0.186629 0.121470 0.154563 -0.043407 0.386865 -0.027892 0.082984 0.001822 0.121038 0.119029 0.319124 0.132274 0.247797 0.378299 0.341118 -0.041137 0.299651 0.085961 0.267471 0.008129 0.302144 0.128648 0.485286 0.347742 0.006042 -0.014360 0.370098 0.143835 0.107136 0.275003 0.347796 0.120372 0.411062 0.036648 0.037483 0.209285 0.128740 0.133728 0.321629 0.251273 0.095286 0.169493 0.218931 0.071727 0.463952 0.377761 0.375586 0.028247 0.133457 -0.024634 0.099771 -0.060193 0.530912 0.077912 0.149465 0.136157 0.065004
0.161954 0.032018 0.092186 0.107536 -0.001098 0.090828 0.082061 0.074507 0.143112 1.000000 -0.178174 0.680183 0.017700 0.207547 0.151333 0.035246 0.098781 0.065402 0.104510 0.018602 0.088179 0.194048 0.175899 -0.083310 -0.064925 0.068705 0.138566 0.135324 0.099136 0.358632 0.656226 0.331785 0.278247 0.174414 0.596010 0.130942 0.069848 -0.116866 0.154057 0.277441 -0.002859 0.225758 0.154214 0.091889 0.164941 0.040498 0.053622 0.086147 0.083927 0.149516 0.377776 0.047594 0.144650 0.071342 0.143629 -0.000619 0.092376 0.262972 0.151368 0.011581 0.041819 -0.003009 0.013462 -0.090530 0.113617 0.186545 -0.055197 0.018545 -0.117456 0.100222 0.197038 0.012948 0.174992 0.076931 -0.108097 0.085840 0.001377 -0.024091 -0.070325 0.160386 0.120091 0.011681 0.031541 0.180416 0.099759 -0.011712 -0.001764 0.009852 -0.108934 -0.050447 0.065911 -0.064761 0.036068 0.646687 0.086909 0.024806 0.057545 -0.047648 0.324164 0.084997 -0.085475 0.085426 0.802519 0.050708 0.171203 0.218499 -0.148323 0.207955 0.138397 0.089574 0.168563 0.603189 0.064463 0.060096 0.112210 0.476279 -0.109243 0.430207 0.003612 0.102225 0.147893 0.593136 0.042941 0.127881 0.153497 0.045973 0.065957 0.078124 -0.029592 0.077571 0.263408 0.169219 0.235060 0.160515 0.219666 0.176051 0.322143 0.121588 0.267602 0.210813 0.059366 0.144994 0.165078 0.084648 0.119701 0.126600 0.061812 0.311047 0.197264 0.077791 0.050442 0.201329 0.052351 0.082405 0.123538 0.028793 0.134052 0.023188 0.227676 0.001041 0.006308 0.203193 0.228431 0.196059 0.184520 0.194099 -0.018708 0.185352 -0.032165 0.119553 0.124315 0.154380 0.114046 0.130845 0.021818 -0.087589 0.025524 0.039036 0.047113 0.202794 -0.027070 0.143150 0.011778 0.091130 0.002910 -0.050339 -0.001158 0.202678 -0.025705 0.337365 0.059434 0.019039 -0.077690 0.069564 0.222645 0.268664 -0.242530 0.625831 0.225469 0.256569 0.242813 -0.102182 0.135268
-0.073286 0.317947 -0.203039 0.261281 0.382208 -0.214210 0.004997 0.196095 0.259945 -0.178174 1.000000 -0.142714 0.148531 0.350566 -0.082107 0.235835 0.105060 0.239282 0.026391 0.387649 0.226190 0.376935 0.308030 0.687019 0.257897 -0.022864 0.270088 0.312694 0.201111 -0.040765 0.158255 -0.327300 0.061970 0.109642 -0.163418 0.265371 0.218143 -0.012243 0.153285 -0.241505 0.123690 0.180451 0.391621 -0.172265 -0.114551 0.346952 0.086000 0.017758 0.329825 -0.089907 -0.056380 0.492082 -0.207484 0.176673 0.312386 0.104086 0.421417 0.254643 0.075422 0.049571 0.221830 0.411409 0.247191 0.359055 0.065227 -0.175177 0.467931 -0.025800 0.249083 0.283562 0.114959 0.001930 0.455357 -0.214685 -0.092246 0.387703 0.138804 0.203405 0.608142 -0.013464 0.064033 0.294386 0.120176 0.209686 0.214942 0.333756 0.239081 0.147591 0.308983 0.281270 0.305186 -0.059489 0.303012 0.009440 0.453073 0.370725 0.498740 0.364287 -0.262439 0.269626 -0.081028 0.158928 -0.401463 0.107901 0.110441 -0.299269 0.610056 0.112632 0.105042 -0.213916 -0.026517 -0.243152 0.040435 -0.094527 0.343745 0.251214 0.653001 0.128280 0.233986 0.116553 0.317214 -0.110753 0.056292 0.375057 -0.043285 0.306600 0.208585 0.309216 0.158829 0.152565 -0.039449 -0.129527 0.083581 0.171367 0.332397 0.343900 0.017731 0.166035 0.134923 -0.060105 0.344526 0.074598 0.209875 0.278055 -0.128485 0.101814 0.118836 0.039018 0.172528 -0.281066 0.332695 -0.179750 -0.024998 -0.200330 0.337251 0.322729 0.150474 0.128449 0.280613 0.246363 0.218126 0.122314 0.326917 0.308842 0.359840 -0.104761 0.097850 0.335584 0.351416 0.364129 -0.140702 -0.046833 0.362353 0.478736 0.132659 0.266567 0.461503 0.255454 0.326311 0.334769 -0.023117 0.351081 0.118835 0.291315 0.305188 0.192220 0.224376 0.193821 0.102395 0.069935 0.412503 0.278496 0.275772 0.041947 0.046992 -0.244169 -0.189083 -0.174555 0.343537 -0.228307 0.099992 0.414154 0.031766
0.184550 0.072136 0.058341 0.108687 0.173199 -0.122928 -0.029941 0.185405 0.009030 0.680183 -0.142714 1.000000 0.327503 0.311994 0.058589 -0.103231 0.071795 0.193320 0.038449 0.243370 0.097184 0.202361 0.180754 0.043881 -0.052733 0.021337 0.318296 0.118507 0.035303 0.238637 0.694688 0.161717 0.159776 0.080086 0.340381 0.129737 0.056762 -0.163304 0.080966 0.176790 0.056157 0.217070 0.376882 0.111487 0.113952 -0.042979 0.023496 0.049354 0.095494 0.043499 0.317122 0.097968 0.102475 0.116023 0.205585 0.081936 0.098112 0.261899 0.130735 0.204983 0.106274 0.115744 -0.082442 -0.047324 0.048292 0.233952 -0.034148 0.022317 -0.141239 0.179500 0.155087 0.020758 0.246668 -0.040285 -0.133262 0.021655 0.122288 0.079857 0.114275 0.154531 0.129036 0.172779 -0.092812 0.195473 0.155992 0.087577 0.066070 -0.109670 0.009576 0.105359 0.106424 -0.072511 0.134012 0.616047 0.052293 0.144063 0.269408 0.015300 0.239986 0.309642 -0.020088 0.482164 0.563495 0.022567 0.156167 0.136674 -0.087184 0.574570 0.112392 -0.141625 0.109130 0.455271 -0.034096 -0.159040 0.155584 0.464517 -0.070228 0.728604 0.043565 0.404865 0.238607 0.420757 -0.007836 0.053581 0.038295 -0.059063 0.187111 0.073133 -0.023683 0.156439 0.159637 0.004463 0.226453 0.373959 0.241739 0.133968 0.127382 0.083333 0.210103 -0.028115 0.007007 0.163374 0.143694 0.183927 0.038617 0.030044 -0.045254 0.319965 0.277068 0.008934 0.115501 -0.068463 0.059373 -0.053114 0.146061 0.145521 0.160798 0.058471 0.299981 0.082530 0.148425 0.232983 0.281526 0.105297 0.191484 0.064873 0.161832 0.194026 0.034741 0.236694 0.087735 0.101673 0.126500 0.115650 0.021084 0.135551 0.225044 0.079975 0.165221 0.166465 -0.166046 0.190339 -0.103404 0.150478 0.146585 -0.012609 0.025654 0.233986 0.024913 0.294548 0.054163 0.169619 0.094849 0.185546 0.324163 0.078944 -0.294483 0.452299 0.213648 0.271420 0.252338 0.066332 0.031240
0.099035 -0.051806 -0.123570 0.289535 0.191608 -0.006278 0.097827 0.100838 0.263851 0.017700 0.148531 0.327503 1.000000 0.449819 0.037978 0.310688 -0.003174 0.051428 -0.030649 0.322178 0.094725 0.402976 0.273341 0.127985 0.020985 0.338172 0.418251 0.067675 0.136908 0.013581 0.204443 -0.034036 -0.084955 0.012360 -0.089336 0.038267 0.108189 0.195767 0.009511 0.126090 0.022081 0.160483 0.372559 0.138250 -0.015294 0.094710 -0.094098 -0.097101 0.241747 -0.012261 -0.011567 0.012320 -0.065848 -0.013959 0.197592 0.000199 0.294657 0.163015 -0.053988 0.252239 0.252518 0.215178 -0.122902 0.056949 -0.012237 0.089508 0.197307 0.077968 -0.086774 0.170383 -0.087188 0.039925 0.128710 -0.000962 0.080323 0.161121 0.095191 0.209137 0.247935 0.082604 0.235945 0.232067 0.033689 0.025836 0.164976 0.139962 0.047822 0.074613 0.066487 0.142495 0.188760 0.086844 0.306133 0.048211 0.241721 0.297344 0.199052 0.191633 -0.031647 0.378007 0.293182 0.477554 -0.133177 -0.074435 -0.035853 -0.017301 -0.041339 0.435637 0.097822 -0.110227 -0.187441 -0.129878 -0.121680 -0.044401 0.183076 0.140184 0.023760 0.491885 0.094779 0.831427 0.348366 -0.178726 0.094180 0.280133 -0.001680 0.172105 0.023335 0.339160 0.049243 0.124709 -0.061746 -0.103828 0.118682 0.519107 0.271625 0.269934 -0.100553 -0.091557 0.090149 0.020034 0.137052 0.170543 0.229791 0.104845 0.048818 -0.013337 0.257964 0.189170 0.203146 0.095027 0.271270 -0.117220 0.035682 -0.029919 0.047164 0.087624 0.280994 0.069863 0.224067 0.221379 0.250791 0.193569 0.178616 -0.015135 0.067714 0.009117 0.204156 0.024223 0.148361 0.311896 -0.009204 0.150992 0.224171 -0.009372 0.026016 0.313321 0.252756 0.040967 0.173936 0.192845 -0.079284 0.175761 0.042223 0.176771 0.183852 0.214184 0.108710 0.251379 0.210925 -0.038636 0.297533 0.260519 0.245789 0.279755 0.162206 -0.178144 0.209978 -0.091474 0.196091 0.085110 -0.014093 0.058065 -0.097460
0.248949 0.032507 -0.303409 0.603137 0.310522 -0.367667 -0.150165 0.374916 0.483506 0.207547 0.350566 0.311994 0.449819 1.000000 0.067176 0.517002 0.051063 0.218674 -0.059187 0.425382 0.259400 0.781439 0.388309 0.372504 0.299888 0.083997 0.579070 0.265646 0.262900 0.093811 0.387159 -0.164823 -0.179336 0.076556 -0.021686 0.268694 0.299128 -0.184670 0.247885 -0.074209 0.227401 0.197458 0.212363 0.106523 -0.020097 0.232536 0.013298 -0.010575 0.376088 0.121021 0.052000 0.219154 0.130867 0.085542 0.390376 0.245265 0.346797 0.325964 0.108664 0.327604 0.246764 0.183131 0.094229 0.120595 0.331130 0.154737 0.264267 0.222538 0.047662 0.408839 0.124494 0.164332 0.192588 0.015984 -0.321705 0.485413 0.019191 0.256098 0.392878 0.109493 0.340803 0.423777 0.116976 0.167735 0.280066 0.306522 0.174067 0.164538 0.240137 0.405116 0.344220 0.142731 0.388227 0.045962 0.715601 0.195011 0.245707 0.347699 -0.015813 0.303501 -0.260028 0.249997 -0.163524 -0.099597 0.171784 -0.046967 0.241209 0.270797 0.227772 -0.385456 -0.199703 -0.201092 -0.113532 -0.270231 0.482060 0.496297 0.271187 0.616394 0.283841 0.428532 0.727436 -0.176102 -0.118324 0.585845 -0.064049 0.550656 0.263335 0.638358 0.180486 0.197752 -0.001638 0.132039 0.085700 0.580921 0.491218 0.416557 0.191234 0.068695 0.022106 -0.098836 0.382973 0.106576 0.232193 0.284710 0.080278 0.154593 0.030701 0.203481 0.253808 -0.042292 0.471830 -0.017489 0.147898 -0.098233 0.229028 0.260285 0.324535 0.239600 0.494807 0.444202 0.455725 0.200237 0.375347 0.132742 0.345053 0.135607 0.374358 0.247594 0.410324 0.445639 -0.135363 0.138135 0.515470 0.200756 0.203554 0.285638 0.448612 0.263482 0.489686 0.260378 -0.032951 0.342234 0.106880 0.366397 0.458359 0.376167 0.324322 0.270653 0.355633 -0.063184 0.539061 0.470882 0.469640 0.068472 0.153133 -0.145082 -0.266540 -0.132642 0.549478 0.129313 0.155351 0.378556 -0.107206
0.472125 0.157352 0.046667 0.103690 0.096560 0.050465 0.071369 0.272767 0.027397 0.151333 -0.082107 0.058589 0.037978 0.067176 1.000000 0.089488 0.245746 0.195182 0.143919 0.111388 0.013511 0.080513 0.358818 0.000138 0.150553 0.034309 0.150132 0.217850 0.123890 0.296490 -0.070720 0.642336 0.048878 -0.078252 0.267824 -0.112455 0.165665 -0.011028 0.229578 0.400913 0.337669 0.000885 0.072513 0.594353 0.255395 0.056247 -0.072977 0.018132 0.116441 0.613941 0.234582 0.013061 0.376757 0.016803 -0.087865 0.283763 0.039316 0.022570 0.211817 0.035899 0.324125 -0.050154 0.199544 0.067113 0.103352 0.460625 0.028134 0.299169 0.003723 0.070567 0.006111 0.439236 0.011925 0.308976 0.019082 0.122070 -0.084294 -0.018072 -0.124703 0.243262 0.180611 -0.031529 0.177932 0.025945 -0.039311 -0.058730 0.045522 0.054086 0.037982 0.154169 0.070289 0.014428 0.078597 0.058775 0.002178 0.048391 -0.179415 0.024786 0.517409 0.049526 0.023068 -0.127987 0.115664 0.216628 0.230381 0.606764 -0.093550 -0.130945 0.259945 0.023041 -0.011902 -0.075043 0.144725 0.109506 0.109501 -0.097224 0.024419 0.071387 -0.044194 0.086859 -0.021462 0.085378 0.341754 0.150230 0.174266 0.001706 0.017252 0.104387 0.067505 0.229234 0.106329 0.244194 0.181973 0.041579 0.116392 0.109845 0.347812 -0.097335 0.026386 0.321496 0.105653 -0.095778 0.197145 0.037057 0.561255 0.326237 0.111479 0.276845 0.108265 0.585977 -0.004842 0.448802 0.297911 0.445692 -0.079596 0.113581 -0.082608 0.380598 -0.013577 -0.032662 0.004269 0.199174 0.045368 0.226063 -0.056730 0.169359 -0.004716 -0.051482 -0.012819 0.007035 0.245746 0.326093 0.019997 -0.050009 0.224259 -0.027694 -0.088284 0.108392 -0.008767 0.043092 0.233379 0.072855 0.098241 0.103966 -0.049512 0.092120 0.259168 0.034269 0.039127 -0.026045 0.165987 0.051021 0.000415 0.308066 0.119114 0.167043 -0.014172 0.034492 -0.050515 0.560491 0.263104 -0.116319 0.176506
0.181650 0.028141 -0.061781 0.407248 0.091425 0.035317 0.091240 0.156310 0.513296 0.035246 0.235835 -0.103231 0.310688 0.517002 0.089488 1.000000 0.089754 -0.060120 0.069084 0.202504 0.223359 0.392631 0.105805 0.080012 0.158133 0.179253 0.188453 0.078434 0.062335 -0.023395 0.097475 -0.053551 -0.067286 0.141965 0.050331 0.127974 0.116883 0.240439 0.062901 0.144020 0.156302 0.109797 0.204382 0.174224 0.094091 0.052004 -0.036348 0.036962 0.194700 0.010221 0.041917 0.270635 0.048051 0.019911 0.222101 0.144619 0.263071 0.225127 0.024697 0.181772 0.195722 0.101753 0.127872 0.034617 0.261452 0.218365 0.248229 0.182332 0.011278 0.215332 0.090417 0.182668 0.201351 0.135431 -0.046550 0.298784 0.195590 0.305786 0.204317 0.210848 0.119915 0.180978 0.188975 0.050694 0.099747 0.158233 0.059666 0.200868 0.064775 0.102127 0.272293 0.309779 0.220224 -0.149047 0.527383 0.147023 0.134984 0.343013 0.117641 0.100126 -0.016375 0.084058 -0.135839 0.000553 0.070922 0.093242 0.172147 0.086081 0.112809 0.010133 -0.065299 -0.180495 -0.037494 0.058681 0.364619 0.168600 0.150903 0.085176 0.074710 0.220800 0.402043 -0.178330 0.006005 0.521905 0.103608 0.394454 0.086216 0.351638 0.180889 0.021290 0.083053 0.037780 0.179941 0.171096 0.093179 0.098803 0.047477 0.040917 0.097677 0.152174 0.142182 0.106465 0.077990 0.169283 0.148179 0.136689 0.295159 0.118796 0.108083 0.061918 0.145683 0.125208 0.217052 0.124624 0.112325 0.095390 0.234974 0.161165 0.240812 0.254336 0.161571 0.006273 0.151386 0.201915 0.154613 0.110177 0.209496 0.058276 0.221474 0.280214 0.141743 0.066416 0.231015 0.139587 0.204345 0.108563 0.173909 0.167622 0.215645 0.144633 0.146054 0.123907 0.188651 0.032908 0.147878 0.229626 0.051687 0.146994 0.199659 0.024780 0.459393 0.161957 0.263083 0.012262 0.009018 0.037908 0.090491 -0.139308 0.330018 0.074317 -0.025702 0.033361 0.030652
0.281113 0.649332 0.458603 0.175374 0.018629 0.203275 0.398750 0.223665 0.113132 0.098781 0.105060 0.071795 -0.003174 0.051063 0.245746 0.089754 1.000000 0.177448 0.868485 0.258977 0.206816 0.072389 0.106357 0.076127 0.295617 -0.082092 0.114855 0.199351 0.117998 0.276196 0.024623 0.143199 0.456709 0.341893 0.111901 0.178746 0.191124 -0.024475 0.203704 0.057895 0.189822 0.174787 0.142968 0.181989 0.170997 -0.001660 0.229473 0.259283 0.094455 0.163969 0.102786 0.124254 0.303851 0.148146 0.313401 0.134184 0.145997 0.292991 0.009767 0.096895 0.047168 0.189376 0.185578 0.078949 0.165019 0.163913 0.129599 0.021518 0.054334 0.128915 0.197458 0.117834 0.033252 0.121801 0.196336 0.248277 0.064468 0.165947 0.040306 0.042282 0.127044 -0.081667 -0.021674 0.254365 0.145893 0.008499 0.168761 0.012636 0.041685 0.036429 0.009037 0.130889 0.046316 0.121996 0.126730 0.067788 0.025030 0.034917 0.155799 0.027769 0.168545 0.042229 0.099253 0.666013 0.175242 0.136411 0.017086 -0.021391 0.107166 0.297347 0.438657 -0.122283 0.616727 0.388480 0.335777 -0.015798 0.027510 0.013399 -0.015985 0.039289 0.018215 -0.034371 0.170025 0.187066 0.824892 0.080383 0.056409 0.052004 0.290280 0.094704 0.624736 0.132385 0.185816 0.044885 0.059852 0.137636 0.146878 0.336394 0.282971 0.098634 0.223641 0.140178 0.143906 0.291268 0.119421 0.090350 0.018083 0.104837 0.011093 -0.013942 0.071419 0.130999 -0.004544 0.155531 0.024886 0.110971 0.257302 0.085857 0.252985 0.005658 0.159736 -0.001797 -0.009027 -0.056191 0.007060 0.035552 0.096405 -0.000672 0.097117 0.075502 0.016603 0.015809 0.135393 -0.096292 0.030025 0.137095 0.012959 -0.016849 0.035435 0.157042 0.000211 0.108272 -0.062016 -0.023967 0.058108 0.063536 -0.076719 -0.034531 -0.034066 -0.036383 0.212460 -0.028780 0.172763 0.198206 -0.082269 0.125231 -0.024048 0.135174 0.073773 0.248055 0.045312 -0.037116 0.625089
0.115253 0.202752 -0.115781 0.220492 0.260946 -0.329304 -0.205207 0.394353 0.073685 0.065402 0.239282 0.193320 0.051428 0.218674 0.195182 -0.060120 0.177448 1.000000 0.035359 0.282836 0.255424 0.261764 0.439151 0.441532 0.234707 -0.319776 0.325183 0.394929 0.353914 0.212811 0.295089 -0.010841 0.030444 0.036835 0.071421 0.343013 0.312511 -0.317094 0.324424 -0.019135 0.411112 0.182636 0.301388 0.118802 0.037158 0.370213 0.246080 0.267493 0.268370 0.271041 0.044435 0.161518 0.102205 0.455740 0.251170 0.358717 0.224762 0.379728 0.201481 0.168210 0.224837 0.239937 0.282020 0.426785 -0.103444 0.174539 0.373662 0.194526 0.023809 0.416347 0.389571 0.255777 0.125523 -0.115453 -0.337760 0.378907 0.131529 0.264143 0.327076 0.058861 0.212828 0.355534 0.057841 0.271653 0.386214 0.407943 0.427661 -0.006561 0.286093 0.372487 0.325968 -0.064177 0.343188 0.210165 0.314926 0.198707 0.252864 0.195500 -0.028429 0.239222 -0.209875 0.213838 0.004699 0.126632 0.321286 -0.105913 0.254492 0.251431 0.224368 -0.265366 0.170623 0.075583 0.102200 -0.185126 0.259608 0.304141 0.413053 0.241060 0.298226 0.130125 0.295745 0.047513 0.045259 0.282949 0.065994 0.154925 0.227429 0.187204 0.056736 0.509174 -0.024019 0.146746 0.178517 0.110184 0.384743 0.486036 0.337691 0.072527 0.136285 0.212063 0.356834 0.061474 0.461536 0.337365 0.069604 0.319999 0.051858 0.305785 0.257509 0.002529 0.321433 -0.076422 0.181234 0.052453 0.400127 0.487675 0.104090 0.343285 0.330304 0.349258 0.311692 0.158338 0.403380 0.359103 0.352880 -0.051332 0.217610 0.456809 0.313321 0.341442 0.001836 0.104058 0.313306 0.299116 0.261784 0.294368 0.385336 0.321006 0.415489 0.331264 0.057201 0.356995 0.143647 0.321062 0.409868 0.216461 0.338002 0.185299 0.238964 0.116234 0.263655 0.283068 0.337846 0.054555 0.178998 -0.106284 -0.320285 0.128793 0.282435 0.045940 0.179619 0.383591 0.171072
0.223836 0.611536 0.464785 0.115333 -0.041834 0.278835 0.461086 0.128727 0.096297 0.104510 0.026391 0.038449 -0.030649 -0.059187 0.143919 0.069084 0.868485 0.035359 1.000000 0.128293 0.142436 -0.003613 0.017366 -0.025943 0.255152 -0.089010 0.006699 0.167308 0.091085 0.273858 0.015474 0.124084 0.493164 0.330786 0.176394 0.183770 0.161339 0.069205 0.149938 0.062281 0.186601 0.089963 0.165827 0.144387 0.131695 -0.026344 0.168155 0.226162 0.054505 0.101451 0.062815 0.110391 0.251109 0.118410 0.306377 0.082016 0.092176 0.232931 -0.045962 0.063018 0.051924 0.161524 0.187048 0.102566 0.147926 0.133916 0.107988 -0.011863 -0.009429 0.016690 0.136724 0.102088 0.035993 0.071453 0.267770 0.186066 0.158193 0.131698 0.008439 -0.002746 0.123879 -0.205622 -0.040919 0.236322 0.089075 -0.117402 0.093858 -0.014585 -0.021648 -0.039512 -0.048334 0.174784 0.060504 0.114999 0.074193 0.092414 0.002772 0.011578 0.144459 0.034720 0.189545 0.059735 0.124543 0.655023 0.128856 0.171378 -0.062007 -0.002189 0.058367 0.363357 0.378849 -0.075238 0.629143 0.425256 0.221414 -0.085434 -0.090058 -0.035298 -0.109289 0.018139 -0.043564 -0.012648 0.235318 0.090767 0.748501 0.023824 -0.088262 -0.018166 0.244709 0.004272 0.622220 0.056611 0.148319 -0.051002 0.009107 0.066701 0.037098 0.287701 0.272341 0.184082 0.148356 0.108288 0.046359 0.228568 0.139738 0.128824 0.009016 0.127111 -0.075498 -0.035679 0.034619 0.160935 0.016604 0.235101 -0.100727 0.023386 0.262123 0.086165 0.109684 -0.042894 0.121328 -0.001390 -0.119233 -0.095596 -0.108736 0.075122 0.056590 -0.138540 0.070310 -0.032289 0.068122 0.047512 0.084526 -0.179991 0.012999 0.108305 0.002314 -0.036260 -0.106948 0.125997 -0.003935 0.057714 -0.103467 -0.131915 -0.090400 0.101581 -0.161326 -0.034273 0.009662 -0.028487 0.149422 -0.151007 0.120220 0.240478 -0.104984 0.090413 0.078694 0.134155 0.044488 0.240647 -0.034011 -0.186966 0.645588
-0.041726 0.243893 -0.082962 0.331056 0.570975 -0.149694 0.047307 0.301726 0.275124 0.018602 0.387649 0.243370 0.322178 0.425382 0.111388 0.202504 0.258977 0.282836 0.128293 1.000000 0.237593 0.386131 0.145288 0.322428 0.248600 0.113430 0.412008 0.123996 0.090100 0.181929 0.382483 -0.221201 0.136717 0.106519 -0.143523 0.141857 0.327796 -0.074252 0.329675 -0.111773 0.126614 0.143472 0.524298 -0.112731 -0.116399 0.230588 0.143806 0.131745 0.391469 -0.125921 0.196389 0.366041 0.041016 0.154349 0.246133 0.138552 0.147282 0.295087 -0.014085 0.302781 0.051162 0.246564 -0.039698 0.196577 0.102413 0.055134 0.448490 0.000927 0.128506 0.227921 0.166434 0.039791 0.557637 -0.293468 -0.070007 0.320983 0.070401 0.145731 0.468466 -0.024192 0.088083 0.298026 -0.060240 0.157502 0.214063 0.213950 0.214029 -0.164939 0.222534 0.209766 0.283875 0.136372 0.178886 0.238961 0.412724 0.196720 0.474241 0.240023 -0.252708 0.613370 -0.086935 0.561751 -0.080302 0.066630 0.186186 -0.208992 0.305752 0.480568 0.035523 -0.150271 0.038557 -0.083596 0.027906 -0.121273 0.380257 0.364550 0.379242 0.378869 0.257955 0.259805 0.378002 0.043200 -0.111192 0.382934 0.055904 0.249227 0.605030 0.262029 0.233616 0.249554 0.065655 -0.104979 0.074233 0.341878 0.209881 0.203901 0.142747 0.247292 0.011798 -0.145242 0.275548 0.151642 0.224519 0.264624 -0.067841 -0.033746 0.051506 0.148574 0.015462 -0.259446 0.325954 -0.232882 -0.045248 -0.072239 0.301116 0.200346 0.219054 0.035727 0.298995 0.241403 0.296705 -0.029662 0.284092 0.074266 0.306951 -0.158342 0.268043 0.283614 0.436894 0.273322 -0.121565 -0.221480 0.344705 0.244943 -0.082273 0.267127 0.451042 0.064507 0.353222 0.022773 -0.169678 0.162345 -0.174582 0.086937 0.236872 0.087729 0.016656 0.059573 0.064247 0.211611 0.288543 0.330356 0.350691 0.134745 0.412724 -0.224428 -0.164043 0.041024 0.420281 -0.093037 0.332478 0.376347 0.084880
0.194957 0.142895 0.119867 0.231939 0.109564 -0.107307 -0.124100 0.172188 0.217022 0.088179 0.226190 0.097184 0.094725 0.259400 0.013511 0.223359 0.206816 0.255424 0.142436 0.237593 1.000000 0.225738 -0.032723 0.141808 0.290648 -0.034792 0.209275 0.356032 0.397214 0.034923 0.184349 -0.058008 0.348916 0.333101 0.194466 0.642475 0.286182 -0.021770 0.296262 0.103286 0.286528 0.400400 0.227023 0.096855 0.257114 0.297474 0.510196 0.455429 0.313544 0.018014 0.340499 0.278965 0.056018 0.375593 0.486732 0.186431 0.321834 0.678026 0.250456 0.348127 0.146593 0.164584 0.221071 0.279387 0.160989 0.087986 0.429720 0.177960 0.244626 0.473219 0.507294 0.272959 0.222419 0.159962 -0.063390 0.250687 0.281437 0.360984 0.355849 0.167451 0.146799 0.257425 0.206441 0.450620 0.368390 0.462234 0.372363 0.228326 0.219504 0.214433 0.339049 0.170779 0.311244 0.216598 0.307354 0.202596 0.363744 0.181951 -0.017774 0.199615 -0.004990 0.292863 0.011867 0.063717 0.359417 -0.065678 0.195835 0.265892 0.168693 -0.082920 0.183301 0.041493 -0.065041 -0.090128 0.323847 0.349904 0.126035 0.162917 0.519509 0.165429 0.334432 -0.001550 0.119108 0.412555 0.179682 0.230498 0.108635 0.218880 0.279233 0.360650 0.250760 0.077843 0.300594 0.243988 0.276192 0.308352 0.086526 0.348323 0.335101 0.086392 0.144385 0.246126 0.319915 0.516127 0.171716 0.203616 0.266078 0.184133 0.316228 0.020367 0.336883 0.087349 0.020012 0.046489 0.382342 0.407719 0.292466 0.224114 0.572884 0.202562 0.285158 0.179804 0.404969 0.101099 0.301024 0.124802 0.291968 0.372732 0.332695 0.437208 -0.033387 0.159723 0.432228 0.122245 -0.001432 0.203555 0.342415 0.157332 0.392713 0.420318 0.064781 0.353882 0.076083 0.246301 0.354602 0.148344 0.157827 0.298455 0.141244 0.184924 0.325386 0.185392 0.282089 0.191141 0.157562 0.115609 -0.048464 0.122285 0.358158 -0.054260 0.020632 0.092444 0.092717
