1.000000 0.351879 0.226274 0.387150 0.478937 0.247455 0.409240 0.226288 0.283480 0.418177 0.184092 0.247764 0.074778 0.256561 0.546136 0.298475 0.409837 0.327750 0.322400 0.499896 0.419469 0.278025 0.323847 0.351172 0.716683 0.271164 0.247911 0.385997 0.200286 0.302685 0.343176 0.553042 0.437754 0.461692 0.475445 0.295434 0.283438 -0.033320 0.298734 0.143103 0.385561 0.150065 0.118761 0.636311 0.368542 0.257992 0.289021 0.268099 0.298834 0.228645 0.523082 0.430887 0.420735 0.262952 0.414091 0.390459 0.270026 0.278246 0.179807 0.265756 0.290099 0.434513 -0.063511 0.204156 0.554270 0.512296 0.427000 0.550994 -0.004436 0.309845 0.404204 0.365452 -0.002113 0.471937 0.286962 0.340742 0.275070 0.377485 0.171017 0.166677 0.394453 0.215042 0.394502 0.434476 0.639664 0.266534 0.063802 0.207239 0.386380 0.490238 0.591348 0.328235 0.479212 0.263746 0.332409 0.348691 0.085299 0.370702 0.619471 0.231531 0.232102 0.099666 0.370047 0.445116 0.800988 0.781963 0.402064 0.101935 0.793275 0.271243 0.248483 0.405474 0.477612 0.424432 0.069226 0.348794 0.290995 0.320159 0.363628 0.234882 0.378911 0.286579 0.369222 0.387924 0.452562 0.325179 0.423869 0.283761 0.357279 0.189188 0.262748 0.460031 0.267648 0.195016 0.303557 0.274315 0.350486 0.314621 0.361379 0.299397 -0.005707 0.203591 0.141968 0.360410 0.256915 0.384015 0.347141 0.251030 0.538165 0.442002 0.422080 -0.028070 0.291505 0.449288 0.332101 0.251223 0.399498 0.344505 0.322489 0.353067 0.397512 0.301558 0.232022 0.381468 0.420411 0.308942 0.277062 0.376454 0.317130 0.162792 0.099713 0.573081 0.471454 0.062576 -0.096605 0.467168 0.158714 -0.266311 0.012782 0.258015 0.296700 0.071640 0.227724 0.104991 0.465266 0.299658 0.379823 0.571594 0.470106 0.366255 0.273833 -0.325247 0.418034 0.321691 0.214574 0.587655 0.260374 0.248128 0.304060 0.615290 0.438509 0.483030 0.445528
0.351879 1.000000 0.276328 0.118301 0.509360 0.505762 0.734274 -0.006198 0.071463 0.155978 0.388060 -0.067080 0.207315 -0.005512 0.529932 0.001318 0.617156 0.334116 0.539234 0.279961 0.161314 -0.004834 0.155272 0.268615 0.262354 0.158100 -0.100455 0.125032 0.037459 0.253698 0.349380 0.390755 0.529803 0.384462 0.217545 -0.015460 0.064298 -0.032315 0.017036 0.287075 -0.042866 0.322385 0.365405 0.243767 0.247947 0.005086 0.440647 0.373559 -0.040664 0.239376 0.250205 0.301529 0.150988 0.185134 0.197944 0.030819 0.299080 0.214869 0.211633 0.078325 0.451735 0.114271 0.097784 -0.184811 0.338760 0.142119 0.047797 0.370844 0.011581 0.204283 0.349710 0.216175 0.166605 0.132516 0.452191 0.054118 0.222461 0.243000 0.155393 0.352381 0.200151 0.103184 0.309831 0.178451 0.206798 0.279676 0.105059 0.079894 0.174344 0.041708 0.348379 0.188638 0.357407 0.325615 0.198049 0.287114 0.361610 0.128503 0.411106 0.046558 0.509079 0.316164 0.174282 0.738012 0.309993 0.371639 0.395060 0.038718 0.357466 0.475294 0.112491 0.040764 0.808434 0.621989 0.125445 0.197912 0.435586 -0.045372 0.172967 -0.045054 0.134965 0.238530 0.152113 0.084470 0.649659 0.240017 0.281882 0.067789 0.004863 -0.030462 0.481226 0.361597 0.175978 -0.001937 -0.079642 0.099963 0.138473 0.186284 0.409688 0.064448 0.271968 0.290794 -0.075629 -0.077100 0.265342 0.045491 0.177068 0.092879 0.318318 0.312915 0.121766 0.124175 0.453208 0.154837 0.118230 -0.096420 0.155044 0.149572 0.139407 0.228207 0.167015 0.297761 0.164805 0.282881 0.188571 0.259436 -0.089585 0.070212 0.039131 0.292868 0.306000 0.237546 0.199676 0.071979 0.072225 0.386206 0.140674 0.030428 0.100558 0.210241 0.132837 0.038321 0.054001 0.187330 0.361967 0.120816 0.195301 0.182054 0.232031 0.218157 0.059803 -0.037192 0.272723 0.337246 0.053120 0.065068 0.389526 0.260364 0.126748 0.456818 0.453245 0.305576 0.693145
0.226274 0.276328 1.000000 0.120571 0.334641 0.622134 0.325870 0.033261 0.113638 0.265208 0.197487 0.200524 0.252719 0.010896 0.218290 0.112660 0.476096 0.261474 0.453888 0.069755 0.445990 0.103994 0.208033 0.154995 0.286614 0.254802 0.067664 0.150571 0.064363 0.272503 0.207516 0.123765 0.305032 0.488758 0.222027 0.293994 -0.008432 0.175591 -0.047043 0.347395 0.204009 0.377067 0.270521 0.137016 0.366141 0.135623 0.402341 0.449096 0.230246 0.369794 0.369608 0.127001 0.349014 0.319904 0.161291 0.264847 0.313658 0.367510 0.176055 0.154668 0.303638 0.106881 0.117316 -0.110488 0.453281 0.336970 0.238406 0.293495 0.091586 0.199229 0.427706 0.236623 -0.121930 0.175952 0.635669 0.037889 0.100332 -0.039361 -0.014553 0.112289 0.289236 0.066405 0.131812 0.409269 0.249562 0.306975 0.243414 -0.058147 0.267770 0.151474 0.399636 -0.128157 0.250023 0.205545 0.173761 0.085337 0.205330 0.193762 0.274548 -0.003471 0.489115 0.278767 0.173298 0.269823 0.340018 0.349576 0.147880 0.090699 0.196316 0.639074 0.831899 0.036690 0.346022 0.403933 0.237121 0.118240 0.064681 0.150237 0.262182 0.216689 0.176801 0.195836 0.140856 0.107305 0.493749 0.285836 0.230427 0.147448 0.114475 -0.002918 0.436199 0.271209 0.313648 0.263618 -0.089810 0.213929 0.007136 0.128242 0.370507 0.156717 0.381686 0.501797 0.149683 0.238641 0.437282 0.252340 0.304850 0.065093 0.223910 0.237556 0.351702 0.359450 0.365562 0.265419 0.313748 0.216869 0.269694 0.284451 0.345508 0.269274 0.319109 0.399242 0.171822 0.212243 0.217631 0.219779 -0.028033 0.263147 0.244200 0.395488 0.271363 0.215243 0.154724 0.001088 0.043712 0.083499 -0.012718 -0.053976 0.190167 0.384121 0.239817 0.176309 0.171540 0.278344 0.305307 0.295713 0.207361 0.243817 0.173709 0.313253 0.115920 0.026924 0.135499 0.316954 -0.025638 0.287478 0.497505 0.216409 0.204596 0.246383 0.242756 0.244001 0.483189
0.387150 0.118301 0.120571 1.000000 0.160317 -0.053979 -0.008643 0.489340 0.712050 0.322663 0.089721 0.186469 0.244551 0.524532 0.213998 0.725864 0.032434 0.343637 -0.010953 0.382200 0.321457 0.286417 0.311980 0.241869 0.276079 0.262658 0.274030 0.286382 0.423481 0.362881 0.192823 0.265698 0.048452 0.260400 0.313210 0.282521 0.623043 -0.027741 0.407007 0.073460 0.169755 0.106640 -0.013953 0.250967 0.046427 0.475979 0.172674 0.172969 0.090504 0.026007 0.205275 0.400070 0.160522 0.219102 0.357182 0.149850 0.286920 0.201322 0.032815 0.050781 0.067507 0.474409 -0.039840 0.338055 0.297121 0.264122 0.283058 0.214032 -0.043932 0.217259 0.265093 0.277258 0.257841 0.191459 0.055277 0.490400 0.218231 0.358913 0.260422 0.096148 0.222340 0.243992 0.321931 0.250092 0.368010 0.167059 0.091068 0.466041 0.225942 0.299124 0.318487 0.432024 0.483630 0.146591 0.631553 0.382409 0.076144 0.543339 0.262262 0.288220 -0.031522 -0.018254 0.169462 0.122805 0.326929 0.241675 0.274434 0.105935 0.336081 -0.055371 0.237664 0.117667 0.054352 -0.018163 0.321381 0.103453 0.082787 0.269116 0.286129 0.415127 0.525473 0.099796 0.333216 0.657519 0.085771 0.526570 0.170949 0.478723 0.306057 0.262132 -0.078477 0.378832 0.138235 0.290065 0.426012 0.309182 0.341741 0.170204 0.087233 0.396096 0.039631 0.200981 0.265224 0.450281 0.214184 0.249352 0.301876 0.087735 0.229971 0.231553 0.299067 0.126931 0.248675 0.357913 0.424064 0.407529 0.362732 0.343106 0.260868 0.326178 0.463991 0.103291 0.220437 0.079654 0.389354 0.140902 0.133929 0.445580 0.331691 0.080763 0.096979 0.244776 0.234060 0.031077 0.009252 0.401053 0.076065 -0.044658 0.145913 0.195477 0.103020 0.254005 0.181660 0.152252 0.318780 0.075109 0.178538 0.429632 0.354185 0.094349 0.513277 -0.200286 0.288521 0.196927 0.227390 0.208512 -0.038609 0.071971 0.383159 0.359704 0.149991 0.216699 0.129155
0.478937 0.509360 0.334641 0.160317 1.000000 0.363343 0.467621 -0.020258 0.072163 0.146015 0.514053 0.283978 0.191442 0.173846 0.681365 0.174604 0.526456 0.358909 0.360062 0.538813 0.300376 0.166923 0.127766 0.674235 0.358297 0.384401 0.134481 0.236352 0.105694 0.402620 0.379368 0.605561 0.496195 0.488814 0.279409 0.079191 0.101322 0.067206 0.001522 0.348385 0.104974 0.195964 0.445421 0.179073 0.332475 0.093945 0.369381 0.334402 0.250292 0.414570 0.455370 0.498130 0.355544 0.299129 0.340504 0.141452 0.327960 0.276484 0.053474 0.411489 0.445150 0.345386 0.210169 0.032018 0.316247 0.373385 0.310906 0.260307 0.183944 0.216242 0.360906 0.229686 0.400272 0.071042 0.361151 -0.047664 0.263432 0.345111 0.480868 0.319968 0.426910 -0.020766 0.452535 0.241414 0.387941 0.218482 0.147068 0.263241 0.115973 0.102050 0.436157 0.183811 0.451683 0.442544 0.111137 0.347484 0.591498 0.264872 0.514792 0.292479 0.393527 0.505000 0.131626 0.529736 0.374102 0.516954 0.745470 0.291242 0.518070 0.320642 0.214306 0.165378 0.610785 0.498315 -0.034890 0.207020 0.544184 0.321184 0.336939 0.097217 0.278852 0.216419 0.172649 0.067236 0.536034 0.223527 0.756646 0.153248 0.226263 -0.040731 0.373014 0.621969 0.396228 0.230130 -0.009919 0.180310 0.482518 0.353575 0.470409 0.087337 0.202188 0.331007 -0.011091 0.211587 0.368837 0.123330 0.268384 0.211696 0.401973 0.221644 0.267499 0.205871 0.361932 0.179203 0.377233 0.106648 0.306855 0.196687 0.205118 0.262170 0.315512 0.269477 0.159160 0.282518 0.179660 0.300006 0.182643 0.251611 0.138738 0.165065 0.157214 0.248887 0.360176 0.362967 0.014552 0.358552 0.491273 -0.153629 0.025878 0.318816 0.331411 0.206876 0.299892 0.162237 0.350830 0.155229 0.204070 0.342316 0.288205 0.516213 0.006471 -0.068873 0.371212 0.379380 0.324099 0.249752 0.311351 0.370310 0.134010 0.450291 0.784184 0.761494 0.623133
0.247455 0.505762 0.622134 -0.053979 0.363343 1.000000 0.637924 0.030577 0.000185 0.272445 0.156752 0.010340 0.314515 -0.182221 0.339304 -0.211733 0.689807 0.313298 0.600222 -0.038567 0.087855 -0.063115 0.199341 0.029302 0.253546 0.107725 -0.104177 0.112250 0.012485 0.048199 0.276664 0.199237 0.632733 0.309178 0.227688 -0.098903 -0.077425 0.218487 -0.015344 0.351222 0.104274 0.223653 0.269508 0.204670 0.436952 -0.048754 0.320434 0.203651 0.144174 0.352920 0.221643 0.112612 0.245054 0.057177 -0.038246 0.103997 0.198004 0.103580 0.151814 -0.002099 0.453900 -0.113489 0.091279 -0.249286 0.353477 0.205091 0.124239 0.427914 0.010312 0.161911 0.229515 0.175155 -0.148575 0.170691 0.703086 -0.101460 0.188945 -0.016300 -0.048627 0.267445 0.158671 0.063517 0.180960 0.205984 0.169122 0.337042 0.102347 -0.154409 0.213599 0.065307 0.290480 -0.215329 0.130199 0.194060 0.062689 -0.004022 0.219986 0.247391 0.366915 -0.112132 0.654905 0.230323 0.275780 0.509596 0.362300 0.424599 0.207159 0.009784 0.326454 0.917151 0.406433 0.081502 0.608348 0.732751 0.169558 0.208047 0.190833 -0.045628 0.075533 0.065966 0.045414 0.274837 0.071126 -0.039236 0.718769 0.243998 0.146990 -0.041847 0.030190 -0.037360 0.650223 0.228003 0.205651 0.038979 -0.164074 0.100045 -0.086757 0.129168 0.519142 0.100738 0.384227 0.311188 0.044307 -0.107627 0.330723 0.193216 0.276190 0.046012 0.283270 0.291126 0.241187 0.216418 0.435423 0.272439 0.087578 -0.098200 0.084402 0.085574 0.119945 0.189058 0.160659 0.286345 0.126628 0.330676 0.199139 0.284789 -0.111273 0.029998 0.021902 0.387389 0.377895 0.273290 0.126543 -0.094733 0.117508 0.077171 -0.022430 -0.013284 0.219663 0.313147 0.282680 -0.035452 0.169401 0.214909 0.291953 0.326176 0.204959 0.116695 0.084197 0.277920 -0.017562 0.060499 0.119542 0.416119 -0.116247 0.181363 0.644705 0.188628 0.041949 0.440642 0.241670 0.259041 0.564437
0.409240 0.734274 0.325870 -0.008643 0.467621 0.637924 1.000000 0.094427 0.105377 0.200331 0.279244 0.109217 0.091823 -0.063435 0.504791 -0.130172 0.669056 0.465797 0.687972 0.257818 0.082938 -0.014410 0.284377 0.215685 0.259591 0.134613 0.045341 0.083637 -0.029329 0.213000 0.279674 0.300953 0.675809 0.366020 0.281123 -0.095701 0.024520 -0.081583 0.188861 0.313636 0.010789 0.184304 0.297782 0.261583 0.416845 -0.046590 0.360269 0.173441 0.119118 0.347601 0.267697 0.318609 0.274666 0.036962 0.081873 0.063348 0.250655 0.088187 0.132437 0.147067 0.464320 0.101469 0.097360 -0.101544 0.349591 0.286809 0.109294 0.375965 0.124542 0.215576 0.280645 0.214523 0.091292 0.143670 0.579183 -0.089579 0.215733 0.217489 0.184860 0.351344 0.149888 0.132090 0.376675 0.218179 0.302368 0.201899 -0.046932 0.090239 0.191173 0.075372 0.331432 0.108567 0.244136 0.241018 0.108643 0.192911 0.321374 0.114534 0.364724 0.120590 0.443846 0.257700 0.229517 0.652388 0.358412 0.449162 0.396503 0.076267 0.415367 0.603487 0.164505 0.205384 0.749808 0.879977 0.061617 0.140152 0.332102 -0.020862 0.094567 -0.033719 0.037932 0.182033 0.262366 0.009005 0.701505 0.286750 0.310208 0.039023 0.046698 0.042429 0.662212 0.332025 0.245298 0.140754 -0.028595 0.082704 0.147789 0.103041 0.502064 0.054333 0.205671 0.324563 -0.021282 -0.182486 0.231067 0.095038 0.115251 0.164217 0.330805 0.259470 0.186307 0.126491 0.384075 0.163162 -0.013494 -0.164951 0.119986 0.017870 0.011916 0.263199 0.197599 0.304935 0.223933 0.268567 0.222313 0.308534 -0.008898 0.049699 0.000675 0.270686 0.290168 0.269631 0.132621 0.051358 0.127189 0.340575 0.165477 0.048903 0.175170 0.201507 0.256331 -0.057788 0.245663 0.172829 0.304973 0.195937 0.192343 0.098325 0.290812 0.266669 -0.004133 0.011659 0.293941 0.218452 0.114926 0.151192 0.414312 0.145699 -0.010357 0.389653 0.368505 0.368259 0.613055
0.226288 -0.006198 0.033261 0.489340 -0.020258 0.030577 0.094427 1.000000 0.408185 0.182978 0.037608 0.078107 0.018057 0.293422 0.148003 0.428564 0.048903 0.354959 0.119957 0.298512 0.079845 0.173604 0.240990 0.124703 0.148515 -0.099015 0.274750 0.167664 0.320463 0.287710 -0.192502 0.008335 0.071381 0.156296 0.247691 0.096232 0.471500 -0.113228 0.483249 0.185333 0.252816 -0.016327 -0.146113 0.369548 0.111385 0.224622 -0.024757 -0.061704 0.201295 0.199912 0.085302 0.388871 0.285538 -0.044501 0.158890 0.278716 0.218658 0.013381 0.095808 -0.039966 0.091060 0.297789 0.194794 0.421217 0.140015 0.324739 0.244078 0.244297 0.277654 0.187109 0.087535 0.268737 0.113641 0.214666 0.054936 0.452653 0.447774 0.291648 0.173173 0.228501 0.024402 0.251735 0.325118 0.212305 0.339475 0.085956 -0.101586 0.384082 0.169903 0.305101 0.223856 0.262232 0.146173 -0.179320 0.365197 0.197376 -0.213721 0.373117 0.106062 0.423903 -0.231561 -0.245606 -0.096131 -0.062866 0.243927 0.126578 0.185100 -0.060317 0.237511 0.028499 0.071922 0.257698 0.001181 0.104726 0.632176 -0.190620 0.155253 -0.107411 0.115399 0.235894 0.191970 -0.112491 0.281342 0.515484 0.080660 0.293914 0.072509 0.399594 0.174877 0.485875 0.031195 0.286440 0.009113 0.212205 0.408498 0.363602 0.380734 -0.006442 0.060417 0.302418 -0.106440 0.100910 0.339380 0.206793 0.261927 0.290240 0.155353 0.047713 0.230855 0.346648 0.188258 0.200420 0.217927 0.291918 0.152842 0.285111 0.280016 0.211819 0.151808 0.235863 0.384669 0.173096 0.213107 0.084504 0.222795 0.114644 0.096508 0.254351 0.297990 0.145404 0.115240 0.294618 0.110665 -0.029499 0.182384 0.368002 0.076013 0.114299 0.241818 0.125341 0.207506 0.088733 0.257740 0.125516 0.222785 0.233640 0.325571 0.267100 0.377676 -0.185318 0.560166 -0.118827 0.308476 -0.017604 0.332088 0.192185 -0.086946 -0.218558 0.103431 0.159691 0.022455 0.189328 0.004008
0.283480 0.071463 0.113638 0.712050 0.072163 0.000185 0.105377 0.408185 1.000000 0.202989 -0.016574 0.199791 0.114528 0.373171 0.074987 0.476676 0.035991 0.396713 0.127038 0.258858 0.375527 0.300783 0.494889 0.221098 0.128104 0.175743 0.394568 0.171054 0.256577 0.278130 0.186955 0.169247 0.068324 0.305389 0.263976 0.344298 0.591038 -0.074550 0.578008 0.040565 0.087982 0.177201 -0.044432 0.251372 -0.000565 0.272418 0.241748 0.248795 0.009618 0.056343 0.151054 0.296040 0.063800 0.316080 0.294498 0.127159 0.232863 0.115365 0.100266 -0.040757 -0.013838 0.414636 -0.035274 0.415561 0.203791 0.195801 0.228410 0.069128 0.073329 0.337657 0.343934 0.222345 0.243214 0.169336 0.115718 0.350820 0.146435 0.302186 0.235471 0.020343 0.190848 0.438826 0.297236 0.345071 0.350757 0.109768 0.140583 0.449261 0.185047 0.237565 0.375238 0.355251 0.282460 0.116661 0.399193 0.277164 0.118495 0.526729 0.167899 0.248387 -0.063754 -0.026063 0.184377 0.107288 0.381746 0.123907 0.212642 0.158582 0.186502 -0.027796 0.218154 0.140117 -0.022499 0.051236 0.157981 0.090310 0.020449 0.169670 0.151254 0.294484 0.295928 0.096408 0.579842 0.451295 0.099943 0.740218 0.018726 0.531366 0.132954 0.279852 0.011016 0.238270 0.120254 0.427939 0.354314 0.165411 0.301964 0.030426 0.055879 0.403418 0.050087 0.225026 0.315659 0.381472 0.124461 0.178511 0.223851 0.093621 0.151411 0.120835 0.119704 0.057718 0.108784 0.266872 0.412814 0.432862 0.330712 0.342234 0.243046 0.235964 0.348345 0.079672 0.389617 0.023140 0.438372 0.080485 0.109881 0.518039 0.233090 0.046639 0.002023 0.123526 0.129144 0.124280 -0.025312 0.242055 0.054725 0.017373 0.233845 0.086106 0.104838 0.257705 0.285094 0.173660 0.283203 0.031058 0.063944 0.432713 0.265705 -0.010226 0.404156 -0.147394 0.176309 0.177499 0.232499 0.144835 -0.020511 0.097269 0.221273 0.202608 0.070577 0.161410 0.066102
0.418177 0.155978 0.265208 0.322663 0.146015 0.272445 0.200331 0.182978 0.202989 1.000000 0.083560 0.344405 0.092616 0.057170 0.217829 0.243600 0.301163 0.258017 0.256711 0.235489 0.173119 0.188312 0.165384 0.219666 0.404174 0.170895 0.184442 0.416786 0.511580 0.233609 0.253190 0.235267 0.222399 0.236567 0.472392 0.073284 0.328436 0.353935 0.251652 0.193082 0.241445 0.159027 0.103798 0.304803 0.180000 0.452325 0.166217 0.075624 0.074522 0.113351 0.229869 0.170062 0.161284 0.105881 0.120712 0.184257 0.318797 0.170107 0.275985 0.236227 0.181344 0.141423 0.033251 0.224401 0.318635 0.316001 0.000603 0.451053 -0.035308 0.201431 0.188982 0.174195 -0.046724 0.367076 0.198510 0.103397 0.054898 0.142741 -0.091572 0.037886 0.134310 0.159000 0.148140 0.255049 0.199498 0.267437 0.071083 0.007364 0.272633 0.241867 0.240106 0.068733 0.159989 0.246156 0.072830 0.015271 0.078434 0.258875 0.269433 0.117382 0.287699 0.165470 0.309800 0.095096 0.370319 0.306095 0.111577 0.211107 0.436357 0.384940 0.228608 0.415888 0.273811 0.279714 0.180089 0.357359 0.130041 0.221257 0.228106 0.093198 0.088356 0.182336 0.307761 0.235381 0.372946 0.240315 0.169601 0.194693 0.219893 0.362635 0.264728 0.309550 0.158669 0.083201 0.440788 0.402577 0.205943 0.152599 0.238261 0.506062 0.123105 0.293325 0.424957 0.256458 0.293880 0.270706 0.424042 0.313646 0.302559 0.346446 0.272470 0.149672 0.283170 0.280358 0.314366 0.205817 0.271108 0.277251 0.245280 0.366475 0.319363 0.265792 0.064442 0.262712 0.251114 0.247057 0.279615 0.240468 0.115435 0.195211 0.147935 0.351276 0.102925 0.036052 0.098575 0.245531 -0.071080 -0.035553 0.104778 0.314803 0.129279 0.150565 0.118724 0.142669 0.400064 0.173486 0.280286 0.269604 0.193675 0.249771 0.277419 -0.223389 0.027768 0.039623 0.234755 0.294305 0.328682 0.278410 0.074607 0.346688 0.230097 0.232316 0.202686
0.184092 0.388060 0.197487 0.089721 0.514053 0.156752 0.279244 0.037608 -0.016574 0.083560 1.000000 0.201863 0.184371 0.233931 0.512936 0.222256 0.234372 0.152963 0.179344 0.498267 0.198517 0.114003 0.017219 0.548674 0.217895 0.232057 0.113709 0.489309 0.124797 0.571545 0.219074 0.290019 0.359938 0.385397 0.343655 0.050769 0.109151 0.176498 -0.064877 0.482090 0.046032 0.222478 0.623672 0.080890 0.175820 0.131853 0.369536 0.241886 0.141665 0.114328 0.201357 0.367393 0.096403 0.260786 0.283049 0.175509 0.353819 0.161250 0.212638 0.520577 0.735572 0.324853 0.395510 0.088896 0.141797 0.208460 0.145481 0.224508 0.185501 0.190964 0.285387 0.368892 0.548824 -0.025077 0.139598 0.039876 0.204560 0.289599 0.522693 0.589109 0.250224 0.032182 0.167795 0.025903 0.169669 0.148282 0.112854 0.120934 0.121723 0.035467 0.268904 0.223184 0.330862 0.548711 0.071978 0.392964 0.548465 0.119451 0.079053 0.153758 0.332078 0.604061 -0.177531 0.323626 0.023331 0.153023 0.247071 0.458085 0.289469 0.144936 0.060370 -0.027016 0.389478 0.261547 0.026199 0.098891 0.532283 0.210446 0.289084 0.010571 0.191976 0.015908 0.131591 0.021756 0.250436 0.146486 0.494793 0.183817 0.096204 0.082826 0.263634 0.348075 0.358027 0.195410 0.148672 0.227167 0.501908 0.310443 0.390352 0.129589 0.150809 0.295192 0.148337 0.147707 0.191636 -0.073228 0.186077 0.376364 0.369721 0.156671 0.209824 0.179007 0.322238 -0.077334 0.339899 0.077410 0.211799 0.127766 0.157202 0.185804 0.126572 0.226856 0.137096 0.259497 0.160831 0.468231 0.192187 0.218173 0.171419 0.101923 0.133299 0.096264 0.275099 0.609340 0.128491 0.248951 0.566199 0.198439 -0.012739 0.116434 -0.109817 0.234693 -0.114556 0.117579 0.292974 -0.031877 0.049206 0.210864 0.130620 0.266178 0.177876 -0.041021 0.265700 0.253794 0.280422 -0.040032 0.192715 0.458157 0.091199 0.004002 0.490394 0.248126 0.433358
0.247764 -0.067080 0.200524 0.186469 0.283978 0.010340 0.109217 0.078107 0.199791 0.344405 0.201863 1.000000 0.276802 0.389174 0.050666 0.294757 0.129454 0.178027 0.143798 0.212368 0.341198 0.327458 0.227982 0.435566 0.219843 0.608067 0.538777 0.417837 0.171049 0.177398 0.147580 0.077422 0.083562 0.369092 0.425048 0.242316 0.195523 0.080867 0.171674 0.117207 0.187075 0.137546 0.075119 0.132049 0.200646 0.330054 0.283444 0.174529 0.386139 0.103123 0.474321 0.143981 0.016822 0.251644 0.324306 0.130043 0.258311 0.356547 0.200893 0.634600 0.126183 0.318899 -0.010876 0.359385 0.238462 0.231637 0.286755 0.250263 0.086628 0.114940 0.256695 0.074462 0.087279 0.258191 0.198242 0.015546 0.030844 0.167171 0.384890 0.037810 0.374886 0.056781 0.036920 0.338405 0.329405 0.068825 0.139299 0.147937 0.174775 0.197126 0.290985 0.151995 0.214136 0.313880 0.159479 0.096026 0.320142 0.363647 0.088990 0.180756 0.074445 0.337850 -0.036210 0.069875 0.255600 0.145412 0.196410 0.649631 0.288544 0.052205 0.314033 0.358894 0.037504 0.110447 0.008763 0.216772 0.193806 0.715388 0.381797 0.283465 0.286383 -0.055050 0.299498 0.163401 0.094093 0.188396 0.444853 0.245640 0.290508 0.167521 0.125476 0.188180 0.622563 0.355181 0.300502 0.280047 0.384898 0.268520 0.185616 0.097671 0.125789 0.344690 0.206584 0.300583 0.128613 0.177632 0.198942 0.412025 0.268251 0.172771 0.487644 0.014908 0.126150 -0.015723 0.356701 0.299968 0.365151 0.179072 0.319602 0.447524 0.372517 0.327730 0.039918 0.155531 0.156541 0.345519 0.613233 0.248372 0.299513 0.060030 -0.045743 0.238986 0.214662 0.367587 0.188156 0.205710 0.364170 0.030673 0.033958 0.230688 0.125136 0.271469 0.257833 0.167647 0.245119 0.132706 0.150362 0.300577 0.292569 0.522764 0.165841 -0.096490 0.201845 0.161491 0.351112 0.352594 0.162762 0.342647 0.134224 -0.028040 0.302948 0.357679 0.135053
0.074778 0.207315 0.252719 0.244551 0.191442 0.314515 0.091823 0.018057 0.114528 0.092616 0.184371 0.276802 1.000000 0.325566 0.062177 0.140686 0.300201 -0.002854 0.160904 -0.074373 0.138923 0.039386 0.085403 0.121091 0.105610 0.509976 0.017278 0.103334 0.005830 0.050695 0.237906 0.132269 0.274462 0.303120 -0.002825 0.045858 -0.045364 0.155414 -0.279034 0.145026 -0.053895 0.289529 0.165843 -0.000643 0.291342 0.106412 0.290967 0.245845 0.071260 0.056417 0.196289 -0.050431 0.014384 0.180669 0.158529 -0.124883 0.104834 0.217732 0.104990 0.183285 0.159279 -0.006440 0.038567 -0.182517 0.207769 -0.000751 0.183624 0.241043 -0.186434 0.174309 0.297237 0.005549 -0.037119 0.086842 0.251979 0.188205 0.039511 -0.096970 0.041090 0.022535 0.263127 0.099878 -0.109629 0.204303 0.061964 0.344208 0.267960 -0.091498 0.069498 -0.020034 0.181403 -0.144901 0.184050 0.188817 0.353541 -0.021613 0.173378 0.407474 0.262836 -0.075790 0.424531 0.240298 0.077010 0.222534 0.143495 0.057193 0.052903 0.257756 0.011685 0.284129 0.252471 -0.171740 0.153942 0.129770 0.121981 0.189405 0.088173 0.322181 0.335055 0.522035 0.543644 0.081957 -0.087031 0.232435 0.219830 0.230619 0.110702 -0.068301 0.022711 -0.203750 0.179290 0.083533 0.385129 -0.077927 -0.244258 -0.012378 -0.080563 0.281754 0.312252 -0.052231 0.320949 0.350039 0.051031 0.065367 0.247740 -0.027562 0.236768 -0.006769 0.260364 0.040491 0.196966 0.196801 0.261337 0.117155 0.230678 0.079819 0.116592 0.005190 0.226212 0.162187 0.176635 0.253933 0.196629 0.082369 0.242856 0.134194 -0.047068 0.118360 0.171095 0.411467 0.211866 0.115267 0.175577 0.034080 0.100499 0.029405 -0.050649 0.021136 0.282760 0.315487 -0.129401 0.107963 -0.014061 0.274549 0.305205 0.037228 0.018472 0.162895 -0.068930 0.156294 0.131391 0.122369 -0.069727 0.481604 -0.116778 0.023595 0.305487 0.241571 0.432136 0.211441 0.123749 0.028519 0.284308
0.256561 -0.005512 0.010896 0.524532 0.173846 -0.182221 -0.063435 0.293422 0.373171 0.057170 0.233931 0.389174 0.325566 1.000000 0.063971 0.653807 -0.051620 0.201891 -0.101398 0.399135 0.356481 0.187603 0.221439 0.354712 0.218944 0.378789 0.306595 0.253189 0.193180 0.285467 0.075702 0.174387 -0.018289 0.252382 0.258038 0.283191 0.274179 -0.107824 0.237242 0.013195 0.228476 -0.049009 -0.032831 0.134363 0.060300 0.375116 0.153520 0.163848 0.323395 0.061947 0.312651 0.363067 0.183016 0.223880 0.330274 0.203172 0.172858 0.190878 0.042153 0.264524 0.121419 0.425209 0.090086 0.306470 0.194816 0.278986 0.417363 0.124705 0.071981 0.094770 0.239274 0.282906 0.291505 0.032091 -0.039666 0.450974 0.137655 0.440024 0.436177 0.149603 0.223016 0.078538 0.238418 0.215926 0.335499 -0.054242 0.134811 0.383000 0.151012 0.175419 0.218131 0.366350 0.368056 0.070992 0.496939 0.355367 0.086893 0.292146 0.076175 0.295532 -0.150693 -0.023686 -0.038278 0.049359 0.162452 0.137558 0.240307 0.241967 0.201033 -0.217158 0.185425 0.050755 -0.076905 -0.102584 0.188548 -0.000775 0.147091 0.361345 0.316541 0.453675 0.577362 -0.159366 0.208849 0.525856 -0.056782 0.133290 0.300518 0.185273 0.276200 0.160954 -0.167954 0.292395 0.388871 0.182669 0.200864 0.204789 0.387622 0.173185 -0.007047 0.123319 -0.106812 0.083795 0.198058 0.336932 0.123804 0.135441 0.209669 0.089032 0.149012 0.099591 0.419609 0.060151 0.115369 0.107446 0.390732 0.345346 0.214778 0.182863 0.132091 0.304976 0.319068 -0.053228 0.100807 0.091633 0.204205 0.139050 0.272730 0.386213 0.331605 -0.167317 -0.013606 0.124608 0.190052 0.229077 0.078001 0.334068 0.275550 0.070620 0.054006 0.053274 0.070657 0.245391 0.197926 0.089692 0.086087 0.025454 0.101906 0.284237 0.291312 0.115713 0.312384 -0.091844 0.306656 0.136874 0.245097 0.212839 -0.152283 0.032089 0.341083 0.030717 0.174120 0.254525 0.019474
0.546136 0.529932 0.218290 0.213998 0.681365 0.339304 0.504791 0.148003 0.074987 0.217829 0.512936 0.050666 0.062177 0.063971 1.000000 0.188366 0.404603 0.292330 0.295560 0.633010 0.270593 0.186456 0.119980 0.552338 0.368768 0.077326 0.055748 0.266215 0.184084 0.477406 0.426952 0.664363 0.505637 0.371499 0.366961 -0.001165 0.260585 0.141477 0.161135 0.348264 0.143430 0.095319 0.463515 0.382492 0.246855 0.126190 0.222649 0.164880 0.125889 0.359608 0.382653 0.597301 0.415855 0.078828 0.301199 0.233244 0.392435 0.093848 0.097008 0.295341 0.538201 0.382759 0.207246 0.089815 0.238034 0.348329 0.107349 0.277977 0.151619 0.257623 0.253912 0.394941 0.373460 0.126226 0.269382 0.134093 0.349163 0.422436 0.366257 0.472198 0.274437 0.082909 0.556852 0.076190 0.342382 0.209365 -0.113667 0.301701 0.114819 0.141079 0.381901 0.325994 0.439149 0.411371 0.193979 0.473910 0.417955 0.212024 0.570377 0.317885 0.367368 0.405660 0.261124 0.471875 0.391498 0.636138 0.618721 0.153866 0.633841 0.308128 0.033796 0.254452 0.571563 0.473669 0.092393 0.266775 0.475544 0.094382 0.248748 0.050822 0.204893 0.325078 0.203964 0.144175 0.445176 0.201293 0.489609 0.207330 0.120726 0.123865 0.283951 0.597589 0.114352 0.150089 0.188760 0.282366 0.423843 0.278508 0.404446 0.284180 -0.016399 0.178840 0.096850 0.115708 0.316274 0.072478 0.288286 0.244390 0.476777 0.365555 0.112342 0.105192 0.452263 0.236068 0.222003 0.033401 0.275719 0.194187 0.102833 0.266958 0.290757 0.216749 0.192706 0.349522 0.232293 0.235921 0.152092 0.196866 0.051673 0.184953 0.210128 0.388678 0.308519 0.260331 -0.005104 0.451856 0.365276 -0.095313 -0.006245 0.211344 0.289321 0.052219 0.140243 0.034350 0.393608 0.116487 0.187841 0.296637 0.331904 0.288791 0.179921 -0.247570 0.444249 0.217028 0.337850 0.252921 0.261051 0.249166 0.168441 0.576289 0.579293 0.542970 0.533095
0.298475 0.001318 0.112660 0.725864 0.174604 -0.211733 -0.130172 0.428564 0.476676 0.243600 0.222256 0.294757 0.140686 0.653807 0.188366 1.000000 -0.045587 0.239782 -0.029217 0.478847 0.416873 0.417629 0.130886 0.345409 0.196741 0.285881 0.379784 0.251923 0.538110 0.417681 0.091494 0.195390 -0.035127 0.352224 0.342443 0.346602 0.528877 0.042214 0.286944 0.009067 0.141660 0.131085 -0.058862 0.186085 -0.019725 0.635713 0.183329 0.211502 0.215970 0.044083 0.253737 0.433510 0.107959 0.250277 0.476573 0.138699 0.259175 0.300899 0.043483 0.182237 0.117085 0.599507 0.017809 0.484230 0.240363 0.264705 0.294374 0.111377 0.035391 0.207105 0.317982 0.189491 0.320729 0.094535 -0.063463 0.467229 0.212754 0.467654 0.324004 0.172186 0.270072 0.184911 0.316470 0.208380 0.361955 0.050316 0.046488 0.520255 0.117242 0.201379 0.259177 0.493222 0.475998 0.145047 0.539490 0.450842 0.048453 0.340126 0.062746 0.406004 -0.167408 -0.068793 0.017146 -0.084580 0.213873 0.140024 0.303296 0.175475 0.279053 -0.188204 0.211729 0.168598 -0.044952 -0.111057 0.354571 0.021322 0.209090 0.278734 0.305935 0.354230 0.520815 0.031185 0.241830 0.696577 -0.000427 0.365825 0.230367 0.521409 0.278995 0.387117 -0.084876 0.391943 0.333559 0.265060 0.473965 0.422034 0.466141 0.197103 0.051972 0.376442 -0.129751 0.183079 0.462542 0.466953 0.200568 0.216050 0.378998 0.075210 0.232828 0.269721 0.346849 0.184034 0.169001 0.241620 0.485468 0.425807 0.499131 0.309426 0.381558 0.339616 0.480676 0.095303 0.202654 0.056277 0.342729 0.138644 0.214832 0.498667 0.497111 -0.008653 0.025860 0.241069 0.294764 0.174354 0.075786 0.450582 0.189071 0.040172 0.108055 0.170170 0.109126 0.269899 0.208010 0.127456 0.249512 0.152609 0.154151 0.422549 0.371497 0.082099 0.588984 -0.245276 0.374498 0.092612 0.397399 0.269729 -0.107239 0.109804 0.363698 0.130558 0.190063 0.286156 0.036916
0.409837 0.617156 0.476096 0.032434 0.526456 0.689807 0.669056 0.048903 0.035991 0.301163 0.234372 0.129454 0.300201 -0.051620 0.404603 -0.045587 1.000000 0.433926 0.821437 0.231562 0.114390 0.150703 0.383936 0.245944 0.430051 0.248138 0.142917 0.138681 0.131610 0.149794 0.264986 0.344950 0.765530 0.478642 0.263984 0.029835 0.072622 0.032937 0.066452 0.394447 0.205903 0.266977 0.205751 0.411438 0.599551 0.121929 0.357744 0.193567 0.223557 0.471637 0.354055 0.207356 0.375838 0.144423 0.127691 0.190430 0.266312 0.224579 0.189581 0.079348 0.378928 0.026516 0.206160 -0.045686 0.522747 0.384896 0.272601 0.554166 0.202583 0.205000 0.334558 0.197324 -0.036355 0.344345 0.549209 0.037015 0.322819 0.135816 0.066843 0.303904 0.313416 0.083631 0.231838 0.388260 0.337606 0.335378 0.204304 0.033297 0.319995 0.184314 0.354974 -0.035762 0.302536 0.220397 0.110339 0.030780 0.243617 0.273721 0.436586 0.171226 0.539508 0.214463 0.217620 0.580130 0.463036 0.467075 0.404464 0.044520 0.404658 0.689853 0.359830 0.171797 0.725715 0.778214 0.136455 0.189652 0.309235 0.048948 0.269879 0.078525 0.180446 0.242882 0.173299 0.080621 0.904742 0.301986 0.404621 0.123934 0.256857 0.039528 0.818330 0.421609 0.382664 0.145750 -0.075165 0.173265 0.137169 0.232965 0.712963 0.059577 0.459130 0.327164 0.082929 0.027186 0.498244 0.304881 0.291399 0.106643 0.489956 0.440034 0.383858 0.329906 0.508530 0.371300 0.146843 0.027382 0.224810 0.223586 0.201678 0.273503 0.333235 0.387184 0.160346 0.353110 0.363858 0.360243 -0.002027 0.155935 0.220962 0.426447 0.412732 0.414948 0.277994 -0.050907 0.269669 0.289489 0.045839 0.070380 0.258673 0.478656 0.310076 0.184627 0.280882 0.344036 0.389154 0.390689 0.415653 0.264729 0.321114 0.325912 0.004652 0.036289 0.252368 0.408209 0.154504 0.242561 0.480323 0.190965 0.142817 0.453772 0.434338 0.489200 0.654153
0.327750 0.334116 0.261474 0.343637 0.358909 0.313298 0.465797 0.354959 0.396713 0.258017 0.152963 0.178027 -0.002854 0.201891 0.292330 0.239782 0.433926 1.000000 0.402797 0.361242 0.124011 0.273017 0.531782 0.227800 0.379014 0.168485 0.329433 0.246492 0.201493 0.272657 0.254303 0.198064 0.362836 0.181771 0.301767 0.140709 0.484955 -0.093507 0.622151 0.141596 0.379746 -0.026081 0.124290 0.262545 0.265920 0.120837 0.197306 0.097367 0.367432 0.334962 0.400423 0.566835 0.387934 0.116111 0.058831 0.311995 0.277760 0.035139 -0.001459 0.136770 0.278240 0.211684 -0.020340 0.197766 0.317741 0.416693 0.400749 0.314577 0.067102 0.082350 0.106793 0.411139 0.299183 0.271582 0.372000 0.072280 0.291939 0.395560 0.372716 0.222349 0.151152 0.037781 0.604731 0.373640 0.452349 0.066385 0.016716 0.414178 0.271219 0.278383 0.368482 0.360657 0.341115 0.202596 0.167730 0.344541 0.171971 0.259623 0.258664 0.357063 0.199846 0.024850 0.256038 0.308533 0.340243 0.422048 0.467250 0.063722 0.392713 0.321141 0.224389 0.331415 0.409169 0.514317 0.146273 0.050371 0.431217 0.053696 0.081457 0.043472 0.068463 0.144712 0.476867 0.199189 0.488309 0.441635 0.383313 0.381957 0.296458 0.150953 0.400873 0.555635 0.294667 0.347026 0.251317 0.286425 0.397484 -0.006923 0.309620 0.294609 0.286075 0.105872 0.096369 0.093022 0.176663 0.406564 0.201855 0.171159 0.241649 0.216650 0.359173 0.002378 0.570603 0.386416 0.060346 0.168914 0.218849 0.339633 0.037916 0.442279 0.418854 0.115450 0.050998 0.290551 0.215076 0.299836 0.229118 0.044921 0.224979 0.093394 0.302192 0.287149 0.191394 0.151647 0.035892 0.431008 0.372714 -0.089276 0.077872 0.304830 0.592509 0.138171 0.555953 0.129763 0.184189 0.376568 0.373853 0.289952 0.515971 0.248413 0.203610 -0.154939 0.520776 0.235764 0.252972 0.304656 0.225757 0.134290 -0.018529 0.365966 0.308120 0.484394 0.395882
0.322400 0.539234 0.453888 -0.010953 0.360062 0.600222 0.687972 0.119957 0.127038 0.256711 0.179344 0.143798 0.160904 -0.101398 0.295560 -0.029217 0.821437 0.402797 1.000000 0.178835 0.123481 0.110099 0.352060 0.156110 0.307910 0.154072 0.165184 0.053123 0.028573 0.107824 0.179819 0.198006 0.626192 0.438774 0.197652 0.068746 0.051742 -0.011371 0.142724 0.345867 0.148624 0.333639 0.151781 0.387677 0.509368 0.067880 0.353613 0.184574 0.243520 0.393037 0.272290 0.180806 0.294802 0.126000 0.078513 0.187541 0.294633 0.214592 0.247624 0.085735 0.279729 0.032378 0.153938 0.012685 0.471009 0.353340 0.238623 0.398086 0.228532 0.256570 0.347838 0.130386 0.004512 0.308005 0.583770 -0.015510 0.257828 0.140164 0.098182 0.206502 0.261045 0.205582 0.248109 0.441465 0.311530 0.289626 0.152503 0.094970 0.294815 0.137721 0.360403 0.030737 0.179597 0.173539 0.088689 -0.028962 0.191025 0.199753 0.300885 0.213227 0.424417 0.112719 0.152291 0.472871 0.415336 0.348518 0.330563 0.052058 0.283247 0.592472 0.362258 0.179297 0.598083 0.728401 0.161137 0.101689 0.255026 -0.010222 0.200135 0.017417 0.065592 0.190004 0.238428 0.084821 0.781197 0.313325 0.303009 0.140715 0.164405 0.108286 0.853073 0.278434 0.302172 0.166116 0.003064 0.140968 0.088935 0.088783 0.597949 0.123939 0.363722 0.417609 0.203848 0.021999 0.429484 0.265663 0.282317 0.063835 0.412306 0.429037 0.369697 0.277957 0.396651 0.238871 0.109206 0.050372 0.244421 0.205775 0.265757 0.308965 0.301804 0.475789 0.222692 0.220093 0.361192 0.271865 0.006252 0.168684 0.211848 0.417919 0.303735 0.407524 0.185494 -0.030085 0.239609 0.215801 0.015425 0.130067 0.285941 0.425092 0.258158 0.159898 0.319245 0.384869 0.361426 0.438507 0.392890 0.240818 0.306906 0.222253 0.033052 0.017084 0.209083 0.275901 0.184047 0.194930 0.431022 0.151389 0.085997 0.285276 0.267661 0.361380 0.494820
0.499896 0.279961 0.069755 0.382200 0.538813 -0.038567 0.257818 0.298512 0.258858 0.235489 0.498267 0.212368 -0.074373 0.399135 0.633010 0.478847 0.231562 0.361242 0.178835 1.000000 0.348869 0.300312 0.224196 0.675223 0.454648 0.135636 0.278700 0.299864 0.433218 0.563538 0.233272 0.592498 0.316452 0.325935 0.346312 0.231130 0.435949 0.022153 0.395606 0.204766 0.273834 -0.022583 0.282976 0.332709 0.169032 0.345185 0.193255 0.150838 0.300792 0.348655 0.403729 0.773221 0.504701 0.210696 0.383306 0.377387 0.352663 0.043155 0.074743 0.322476 0.326801 0.562637 0.291731 0.414860 0.256850 0.513189 0.294750 0.193150 0.326309 0.169142 0.214758 0.445003 0.529084 0.173214 0.056288 0.364500 0.410586 0.625746 0.494893 0.327324 0.239827 0.075229 0.631946 0.184564 0.425233 0.056165 -0.053277 0.571485 0.191758 0.312026 0.316121 0.539028 0.455718 0.247914 0.218516 0.556227 0.242646 0.156019 0.401456 0.567904 0.057519 0.174035 0.155603 0.222017 0.342134 0.445243 0.584511 0.167420 0.549909 -0.053065 0.039598 0.309741 0.278800 0.214442 0.090724 0.088417 0.525839 0.202134 0.322114 0.165438 0.290862 0.129140 0.357452 0.352577 0.244527 0.206476 0.632832 0.401882 0.330913 0.302431 0.125344 0.676271 0.221743 0.299857 0.390187 0.476862 0.650440 0.183171 0.235977 0.358883 -0.147891 0.096585 0.307484 0.368725 0.293445 0.194973 0.288481 0.239174 0.406109 0.347957 0.311442 0.133009 0.243157 0.197771 0.356729 0.286803 0.327840 0.267476 0.097824 0.275379 0.317016 0.126342 0.090577 0.243237 0.261696 0.163428 0.285210 0.319927 0.256979 -0.071992 0.026560 0.322552 0.288705 0.366066 0.047277 0.508864 0.476772 -0.055019 -0.113231 0.152358 0.255217 0.222108 0.200950 0.008225 0.271121 0.105993 0.325739 0.361415 0.459109 0.215835 0.245103 -0.311782 0.530364 0.044063 0.534088 0.290774 0.024677 0.131741 0.194045 0.337208 0.534854 0.596652 0.308312
0.419469 0.161314 0.445990 0.321457 0.300376 0.087855 0.082938 0.079845 0.375527 0.173119 0.198517 0.341198 0.138923 0.356481 0.270593 0.416873 0.114390 0.124011 0.123481 0.348869 1.000000 0.265726 0.264118 0.381045 0.336314 0.301509 0.283060 0.175425 0.117419 0.414772 0.132718 0.229231 0.067470 0.600538 0.263202 0.664959 0.258880 -0.012852 0.176004 0.060358 0.246522 0.344585 0.224663 0.237893 0.169702 0.269429 0.398949 0.612042 0.247109 0.190970 0.554414 0.323254 0.231901 0.477584 0.699637 0.290644 0.407863 0.514385 0.239888 0.190517 0.174652 0.528422 -0.057941 0.236063 0.430506 0.291596 0.389950 0.165948 0.034588 0.360439 0.604278 0.390713 0.087689 0.306664 0.224692 0.406362 0.055943 0.347213 0.240951 0.074968 0.446271 0.278880 0.257841 0.541164 0.570040 0.153565 0.246004 0.262817 0.227437 0.253211 0.604066 0.315469 0.423755 0.146351 0.347082 0.433915 0.166884 0.244710 0.272911 0.171842 0.129338 0.190927 0.078587 0.184703 0.495363 0.323716 0.210936 0.212723 0.309640 0.104108 0.552612 0.164296 0.110149 0.057796 0.104357 0.045074 0.081616 0.346193 0.611205 0.306522 0.362581 0.104896 0.276613 0.343682 0.140790 0.226950 0.236471 0.347119 0.278313 0.098368 0.080874 0.347432 0.365589 0.290608 0.160893 0.121458 0.311260 0.387260 0.233840 0.198134 -0.028397 0.455780 0.156851 0.705992 0.217585 0.308931 0.347041 0.176585 0.368072 0.255340 0.267768 0.090511 0.179941 0.156750 0.636213 0.588695 0.594429 0.409943 0.594295 0.231621 0.385312 0.362236 0.320637 0.170303 0.404658 0.134475 0.264325 0.638393 0.363617 0.208950 0.007090 0.308187 0.478824 0.218023 -0.149930 0.367187 0.185033 -0.174725 0.045433 0.347110 0.165030 0.329045 0.235907 0.226632 0.436116 0.238516 0.191905 0.684287 0.328113 0.257617 0.235597 -0.314294 0.346538 0.220653 0.228796 0.543932 0.153489 0.216925 0.434380 0.151493 0.245410 0.264594 0.252734
